price1, price2, price3, price4, price5, price6
829.38999975, 831.9199982499999, 827.8887482499999, 820.3367310000001, 812.8650055, 816.3325044999999, 818.35176075
831.9199982499999, 827.8887482499999, 820.3367310000001, 812.8650055, 816.3325044999999, 818.35176075, 831.0574952500001
827.8887482499999, 820.3367310000001, 812.8650055, 816.3325044999999, 818.35176075, 831.0574952500001, 841.0950164999999
820.3367310000001, 812.8650055, 816.3325044999999, 818.35176075, 831.0574952500001, 841.0950164999999, 848.44500725
812.8650055, 816.3325044999999, 818.35176075, 831.0574952500001, 841.0950164999999, 848.44500725, 851.05999725
816.3325044999999, 818.35176075, 831.0574952500001, 841.0950164999999, 848.44500725, 851.05999725, 848.69750975
818.35176075, 831.0574952500001, 841.0950164999999, 848.44500725, 851.05999725, 848.69750975, 846.0475160000001
831.0574952500001, 841.0950164999999, 848.44500725, 851.05999725, 848.69750975, 846.0475160000001, 844.3249969999999
841.0950164999999, 848.44500725, 851.05999725, 848.69750975, 846.0475160000001, 844.3249969999999, 845.3687439999999
848.44500725, 851.05999725, 848.69750975, 846.0475160000001, 844.3249969999999, 845.3687439999999, 842.7350005000001
851.05999725, 848.69750975, 846.0475160000001, 844.3249969999999, 845.3687439999999, 842.7350005000001, 837.72250375
848.69750975, 846.0475160000001, 844.3249969999999, 845.3687439999999, 842.7350005000001, 837.72250375, 834.7050017500001
846.0475160000001, 844.3249969999999, 845.3687439999999, 842.7350005000001, 837.72250375, 834.7050017500001, 829.8099975
844.3249969999999, 845.3687439999999, 842.7350005000001, 837.72250375, 834.7050017500001, 829.8099975, 826.5025175
845.3687439999999, 842.7350005000001, 837.72250375, 834.7050017500001, 829.8099975, 826.5025175, 829.1877442499999
842.7350005000001, 837.72250375, 834.7050017500001, 829.8099975, 826.5025175, 829.1877442499999, 832.1575015
837.72250375, 834.7050017500001, 829.8099975, 826.5025175, 829.1877442499999, 832.1575015, 831.90124525
834.7050017500001, 829.8099975, 826.5025175, 829.1877442499999, 832.1575015, 831.90124525, 824.3899992500001
829.8099975, 826.5025175, 829.1877442499999, 832.1575015, 831.90124525, 824.3899992500001, 827.0825042499999
826.5025175, 829.1877442499999, 832.1575015, 831.90124525, 824.3899992500001, 827.0825042499999, 827.3925017500001
829.1877442499999, 832.1575015, 831.90124525, 824.3899992500001, 827.0825042499999, 827.3925017500001, 829.1975097500001
832.1575015, 831.90124525, 824.3899992500001, 827.0825042499999, 827.3925017500001, 829.1975097500001, 830.3274994999999
831.90124525, 824.3899992500001, 827.0825042499999, 827.3925017500001, 829.1975097500001, 830.3274994999999, 830.5299835000001
824.3899992500001, 827.0825042499999, 827.3925017500001, 829.1975097500001, 830.3274994999999, 830.5299835000001, 825.20376575
827.0825042499999, 827.3925017500001, 829.1975097500001, 830.3274994999999, 830.5299835000001, 825.20376575, 821.8674925
827.3925017500001, 829.1975097500001, 830.3274994999999, 830.5299835000001, 825.20376575, 821.8674925, 819.952484
829.1975097500001, 830.3274994999999, 830.5299835000001, 825.20376575, 821.8674925, 819.952484, 819.6125030000001
830.3274994999999, 830.5299835000001, 825.20376575, 821.8674925, 819.952484, 819.6125030000001, 817.922241
830.5299835000001, 825.20376575, 821.8674925, 819.952484, 819.6125030000001, 817.922241, 812.6000059999999
825.20376575, 821.8674925, 819.952484, 819.6125030000001, 817.922241, 812.6000059999999, 808.56748975
821.8674925, 819.952484, 819.6125030000001, 817.922241, 812.6000059999999, 808.56748975, 807.6025085
819.952484, 819.6125030000001, 817.922241, 812.6000059999999, 808.56748975, 807.6025085, 805.8099975
819.6125030000001, 817.922241, 812.6000059999999, 808.56748975, 807.6025085, 805.8099975, 799.4900055
817.922241, 812.6000059999999, 808.56748975, 807.6025085, 805.8099975, 799.4900055, 802.71249375
812.6000059999999, 808.56748975, 807.6025085, 805.8099975, 799.4900055, 802.71249375, 796.75750725
808.56748975, 807.6025085, 805.8099975, 799.4900055, 802.71249375, 796.75750725, 796.9387510000001
807.6025085, 805.8099975, 799.4900055, 802.71249375, 796.75750725, 796.9387510000001, 796.35499575
805.8099975, 799.4900055, 802.71249375, 796.75750725, 796.9387510000001, 796.35499575, 808.15499875
799.4900055, 802.71249375, 796.75750725, 796.9387510000001, 796.35499575, 808.15499875, 830.1025084999999
802.71249375, 796.75750725, 796.9387510000001, 796.35499575, 808.15499875, 830.1025084999999, 833.7425079999999
796.75750725, 796.9387510000001, 796.35499575, 808.15499875, 830.1025084999999, 833.7425079999999, 831.5299989999999
796.9387510000001, 796.35499575, 808.15499875, 830.1025084999999, 833.7425079999999, 831.5299989999999, 822.47274775
796.35499575, 808.15499875, 830.1025084999999, 833.7425079999999, 831.5299989999999, 822.47274775, 812.79249575
808.15499875, 830.1025084999999, 833.7425079999999, 831.5299989999999, 822.47274775, 812.79249575, 805.132492
830.1025084999999, 833.7425079999999, 831.5299989999999, 822.47274775, 812.79249575, 805.132492, 804.6437377499999
833.7425079999999, 831.5299989999999, 822.47274775, 812.79249575, 805.132492, 804.6437377499999, 804.7687530000001
831.5299989999999, 822.47274775, 812.79249575, 805.132492, 804.6437377499999, 804.7687530000001, 804.8000030000001
822.47274775, 812.79249575, 805.132492, 804.6437377499999, 804.7687530000001, 804.8000030000001, 808.3184965
812.79249575, 805.132492, 804.6437377499999, 804.7687530000001, 804.8000030000001, 808.3184965, 805.0149994999999
805.132492, 804.6437377499999, 804.7687530000001, 804.8000030000001, 808.3184965, 805.0149994999999, 805.6074980000001
804.6437377499999, 804.7687530000001, 804.8000030000001, 808.3184965, 805.0149994999999, 805.6074980000001, 806.3224945
804.7687530000001, 804.8000030000001, 808.3184965, 805.0149994999999, 805.6074980000001, 806.3224945, 806.4615170000001
804.8000030000001, 808.3184965, 805.0149994999999, 805.6074980000001, 806.3224945, 806.4615170000001, 800.37850925
808.3184965, 805.0149994999999, 805.6074980000001, 806.3224945, 806.4615170000001, 800.37850925, 789.9000092499999
805.0149994999999, 805.6074980000001, 806.3224945, 806.4615170000001, 800.37850925, 789.9000092499999, 787.44000225
805.6074980000001, 806.3224945, 806.4615170000001, 800.37850925, 789.9000092499999, 787.44000225, 782.5950015
