price1, price2, price3, price4, price5, price6
65.78750050000001, 65.61750024999999, 65.26000024999999, 65.09250075, 64.82499849999999, 65.13750075, 64.955
65.61750024999999, 65.26000024999999, 65.09250075, 64.82499849999999, 65.13750075, 64.955, 64.60250099999999
65.26000024999999, 65.09250075, 64.82499849999999, 65.13750075, 64.955, 64.60250099999999, 64.7574995
65.09250075, 64.82499849999999, 65.13750075, 64.955, 64.60250099999999, 64.7574995, 64.93500125
64.82499849999999, 65.13750075, 64.955, 64.60250099999999, 64.7574995, 64.93500125, 64.92500125000001
65.13750075, 64.955, 64.60250099999999, 64.7574995, 64.93500125, 64.92500125000001, 64.612501
64.955, 64.60250099999999, 64.7574995, 64.93500125, 64.92500125000001, 64.612501, 64.61750025
64.60250099999999, 64.7574995, 64.93500125, 64.92500125000001, 64.612501, 64.61750025, 64.410002
64.7574995, 64.93500125, 64.92500125000001, 64.612501, 64.61750025, 64.410002, 64.87000075
64.93500125, 64.92500125000001, 64.612501, 64.61750025, 64.410002, 64.87000075, 65.01250075
64.92500125000001, 64.612501, 64.61750025, 64.410002, 64.87000075, 65.01250075, 64.90000125
64.612501, 64.61750025, 64.410002, 64.87000075, 65.01250075, 64.90000125, 64.6450005
64.61750025, 64.410002, 64.87000075, 65.01250075, 64.90000125, 64.6450005, 64.39000125000001
64.410002, 64.87000075, 65.01250075, 64.90000125, 64.6450005, 64.39000125000001, 64.15249925
64.87000075, 65.01250075, 64.90000125, 64.6450005, 64.39000125000001, 64.15249925, 64.035
65.01250075, 64.90000125, 64.6450005, 64.39000125000001, 64.15249925, 64.035, 64.33250124999999
64.90000125, 64.6450005, 64.39000125000001, 64.15249925, 64.035, 64.33250124999999, 64.5199985
64.6450005, 64.39000125000001, 64.15249925, 64.035, 64.33250124999999, 64.5199985, 64.00499925
64.39000125000001, 64.15249925, 64.035, 64.33250124999999, 64.5199985, 64.00499925, 64.340002
64.15249925, 64.035, 64.33250124999999, 64.5199985, 64.00499925, 64.340002, 64.522501
64.035, 64.33250124999999, 64.5199985, 64.00499925, 64.340002, 64.522501, 64.4900015
64.33250124999999, 64.5199985, 64.00499925, 64.340002, 64.522501, 64.4900015, 64.28250125
64.5199985, 64.00499925, 64.340002, 64.522501, 64.4900015, 64.28250125, 64.62499825
64.00499925, 64.340002, 64.522501, 64.4900015, 64.28250125, 64.62499825, 64.52000225
64.340002, 64.522501, 64.4900015, 64.28250125, 64.62499825, 64.52000225, 64.73499875
64.522501, 64.4900015, 64.28250125, 64.62499825, 64.52000225, 64.73499875, 64.44000075
64.4900015, 64.28250125, 64.62499825, 64.52000225, 64.73499875, 64.44000075, 64.43000049999999
64.28250125, 64.62499825, 64.52000225, 64.73499875, 64.44000075, 64.43000049999999, 64.48749925
64.62499825, 64.52000225, 64.73499875, 64.44000075, 64.43000049999999, 64.48749925, 64.13250074999999
64.52000225, 64.73499875, 64.44000075, 64.43000049999999, 64.48749925, 64.13250074999999, 63.834999999999994
64.73499875, 64.44000075, 64.43000049999999, 64.48749925, 64.13250074999999, 63.834999999999994, 63.4850005
64.44000075, 64.43000049999999, 64.48749925, 64.13250074999999, 63.834999999999994, 63.4850005, 63.54500025
64.43000049999999, 64.48749925, 64.13250074999999, 63.834999999999994, 63.4850005, 63.54500025, 63.4825
64.48749925, 64.13250074999999, 63.834999999999994, 63.4850005, 63.54500025, 63.4825, 63.487500250000004
64.13250074999999, 63.834999999999994, 63.4850005, 63.54500025, 63.4825, 63.487500250000004, 63.1449995
63.834999999999994, 63.4850005, 63.54500025, 63.4825, 63.487500250000004, 63.1449995, 64.00750175
63.4850005, 63.54500025, 63.4825, 63.487500250000004, 63.1449995, 64.00750175, 64.73000174999999
63.54500025, 63.4825, 63.487500250000004, 63.1449995, 64.00750175, 64.73000174999999, 65.35250075
63.4825, 63.487500250000004, 63.1449995, 64.00750175, 64.73000174999999, 65.35250075, 65.49250025
63.487500250000004, 63.1449995, 64.00750175, 64.73000174999999, 65.35250075, 65.49250025, 64.12
63.1449995, 64.00750175, 64.73000174999999, 65.35250075, 65.49250025, 64.12, 63.795
64.00750175, 64.73000174999999, 65.35250075, 65.49250025, 64.12, 63.795, 63.3500005
64.73000174999999, 65.35250075, 65.49250025, 64.12, 63.795, 63.3500005, 62.83749975
65.35250075, 65.49250025, 64.12, 63.795, 63.3500005, 62.83749975, 62.64999975
65.49250025, 64.12, 63.795, 63.3500005, 62.83749975, 62.64999975, 62.430000500000006
64.12, 63.795, 63.3500005, 62.83749975, 62.64999975, 62.430000500000006, 62.4974995
63.795, 63.3500005, 62.83749975, 62.64999975, 62.430000500000006, 62.4974995, 62.48499975
63.3500005, 62.83749975, 62.64999975, 62.430000500000006, 62.4974995, 62.48499975, 62.63499924999999
62.83749975, 62.64999975, 62.430000500000006, 62.4974995, 62.48499975, 62.63499924999999, 62.75500125000001
62.64999975, 62.430000500000006, 62.4974995, 62.48499975, 62.63499924999999, 62.75500125000001, 62.865
62.430000500000006, 62.4974995, 62.48499975, 62.63499924999999, 62.75500125000001, 62.865, 62.6749995
62.4974995, 62.48499975, 62.63499924999999, 62.75500125000001, 62.865, 62.6749995, 62.754999999999995
62.48499975, 62.63499924999999, 62.75500125000001, 62.865, 62.6749995, 62.754999999999995, 62.5825005
62.63499924999999, 62.75500125000001, 62.865, 62.6749995, 62.754999999999995, 62.5825005, 62.294999250000004
62.75500125000001, 62.865, 62.6749995, 62.754999999999995, 62.5825005, 62.294999250000004, 62.412499499999996
62.865, 62.6749995, 62.754999999999995, 62.5825005, 62.294999250000004, 62.412499499999996, 62.585001
