price1, price2, price3, price4, price5, price6
776.9400022500001, 782.7424927499999, 789.0449979999999, 791.936737, 790.207504, 791.38000475, 793.5440065
782.7424927499999, 789.0449979999999, 791.936737, 790.207504, 791.38000475, 793.5440065, 796.27500925
789.0449979999999, 791.936737, 790.207504, 791.38000475, 793.5440065, 796.27500925, 792.0874940000001
791.936737, 790.207504, 791.38000475, 793.5440065, 796.27500925, 792.0874940000001, 795.5865019999999
790.207504, 791.38000475, 793.5440065, 796.27500925, 792.0874940000001, 795.5865019999999, 797.7774965
791.38000475, 793.5440065, 796.27500925, 792.0874940000001, 795.5865019999999, 797.7774965, 798.12001025
793.5440065, 796.27500925, 792.0874940000001, 795.5865019999999, 797.7774965, 798.12001025, 796.9300079999999
796.27500925, 792.0874940000001, 795.5865019999999, 797.7774965, 798.12001025, 796.9300079999999, 787.4787445
792.0874940000001, 795.5865019999999, 797.7774965, 798.12001025, 796.9300079999999, 787.4787445, 784.4352417499999
795.5865019999999, 797.7774965, 798.12001025, 796.9300079999999, 787.4787445, 784.4352417499999, 773.5774839999999
797.7774965, 798.12001025, 796.9300079999999, 787.4787445, 784.4352417499999, 773.5774839999999, 764.83749375
798.12001025, 796.9300079999999, 787.4787445, 784.4352417499999, 773.5774839999999, 764.83749375, 762.5025022499999
796.9300079999999, 787.4787445, 784.4352417499999, 773.5774839999999, 764.83749375, 762.5025022499999, 759.2575225
787.4787445, 784.4352417499999, 773.5774839999999, 764.83749375, 762.5025022499999, 759.2575225, 748.0475007499999
784.4352417499999, 773.5774839999999, 764.83749375, 762.5025022499999, 759.2575225, 748.0475007499999, 750.55874625
773.5774839999999, 764.83749375, 762.5025022499999, 759.2575225, 748.0475007499999, 750.55874625, 763.9824980000001
764.83749375, 762.5025022499999, 759.2575225, 748.0475007499999, 750.55874625, 763.9824980000001, 772.2775115
762.5025022499999, 759.2575225, 748.0475007499999, 750.55874625, 763.9824980000001, 772.2775115, 766.8925017500001
759.2575225, 748.0475007499999, 750.55874625, 763.9824980000001, 772.2775115, 766.8925017500001, 762.8650057499999
748.0475007499999, 750.55874625, 763.9824980000001, 772.2775115, 766.8925017500001, 762.8650057499999, 763.0632475
750.55874625, 763.9824980000001, 772.2775115, 766.8925017500001, 762.8650057499999, 763.0632475, 771.21501175
763.9824980000001, 772.2775115, 766.8925017500001, 762.8650057499999, 763.0632475, 771.21501175, 765.52749625
772.2775115, 766.8925017500001, 762.8650057499999, 763.0632475, 771.21501175, 765.52749625, 766.72749325
766.8925017500001, 762.8650057499999, 763.0632475, 771.21501175, 765.52749625, 766.72749325, 768.76998875
762.8650057499999, 763.0632475, 771.21501175, 765.52749625, 766.72749325, 768.76998875, 759.1374967500001
763.0632475, 771.21501175, 765.52749625, 766.72749325, 768.76998875, 759.1374967500001, 754.211487
771.21501175, 765.52749625, 766.72749325, 768.76998875, 759.1374967500001, 754.211487, 744.26748675
765.52749625, 766.72749325, 768.76998875, 759.1374967500001, 754.211487, 744.26748675, 755.430008
766.72749325, 768.76998875, 759.1374967500001, 754.211487, 744.26748675, 755.430008, 774.26998925
768.76998875, 759.1374967500001, 754.211487, 744.26748675, 755.430008, 774.26998925, 782.03674325
759.1374967500001, 754.211487, 744.26748675, 755.430008, 774.26998925, 782.03674325, 787.433258
754.211487, 744.26748675, 755.430008, 774.26998925, 782.03674325, 787.433258, 778.6900025
744.26748675, 755.430008, 774.26998925, 782.03674325, 787.433258, 778.6900025, 758.400238
755.430008, 774.26998925, 782.03674325, 787.433258, 778.6900025, 758.400238, 764.5900115
774.26998925, 782.03674325, 787.433258, 778.6900025, 758.400238, 764.5900115, 773.0000150000001
782.03674325, 787.433258, 778.6900025, 758.400238, 764.5900115, 773.0000150000001, 782.882492
787.433258, 778.6900025, 758.400238, 764.5900115, 773.0000150000001, 782.882492, 790.2174835000001
778.6900025, 758.400238, 764.5900115, 773.0000150000001, 782.882492, 790.2174835000001, 803.1999969999999
758.400238, 764.5900115, 773.0000150000001, 782.882492, 790.2174835000001, 803.1999969999999, 797.8349915
764.5900115, 773.0000150000001, 782.882492, 790.2174835000001, 803.1999969999999, 797.8349915, 802.17750525
773.0000150000001, 782.882492, 790.2174835000001, 803.1999969999999, 797.8349915, 802.17750525, 811.542496
782.882492, 790.2174835000001, 803.1999969999999, 797.8349915, 802.17750525, 811.542496, 809.50250225
790.2174835000001, 803.1999969999999, 797.8349915, 802.17750525, 811.542496, 809.50250225, 796.96749875
803.1999969999999, 797.8349915, 802.17750525, 811.542496, 809.50250225, 796.96749875, 800.0674897499999
797.8349915, 802.17750525, 811.542496, 809.50250225, 796.96749875, 800.0674897499999, 800.59249875
802.17750525, 811.542496, 809.50250225, 796.96749875, 800.0674897499999, 800.59249875, 792.57124325
811.542496, 809.50250225, 796.96749875, 800.0674897499999, 800.59249875, 792.57124325, 780.7774965000001
809.50250225, 796.96749875, 800.0674897499999, 800.59249875, 792.57124325, 780.7774965000001, 780.03251625
796.96749875, 800.0674897499999, 800.59249875, 792.57124325, 780.7774965000001, 780.03251625, 778.4074860000001
800.0674897499999, 800.59249875, 792.57124325, 780.7774965000001, 780.03251625, 778.4074860000001, 785.0225069999999
800.59249875, 792.57124325, 780.7774965000001, 780.03251625, 778.4074860000001, 785.0225069999999, 785.6475065
792.57124325, 780.7774965000001, 780.03251625, 778.4074860000001, 785.0225069999999, 785.6475065, 782.2250060000001
780.7774965000001, 780.03251625, 778.4074860000001, 785.0225069999999, 785.6475065, 782.2250060000001, 776.28749075
780.03251625, 778.4074860000001, 785.0225069999999, 785.6475065, 782.2250060000001, 776.28749075, 777.96998575
778.4074860000001, 785.0225069999999, 785.6475065, 782.2250060000001, 776.28749075, 777.96998575, 778.375
785.0225069999999, 785.6475065, 782.2250060000001, 776.28749075, 777.96998575, 778.375, 776.0150147499999
785.6475065, 782.2250060000001, 776.28749075, 777.96998575, 778.375, 776.0150147499999, 773.09375
782.2250060000001, 776.28749075, 777.96998575, 778.375, 776.0150147499999, 773.09375, 777.1625059999999
776.28749075, 777.96998575, 778.375, 776.0150147499999, 773.09375, 777.1625059999999, 779.12049875
777.96998575, 778.375, 776.0150147499999, 773.09375, 777.1625059999999, 779.12049875, 779.0474857499999
778.375, 776.0150147499999, 773.09375, 777.1625059999999, 779.12049875, 779.0474857499999, 779.70199575
776.0150147499999, 773.09375, 777.1625059999999, 779.12049875, 779.0474857499999, 779.70199575, 778.1900022500001
773.09375, 777.1625059999999, 779.12049875, 779.0474857499999, 779.70199575, 778.1900022500001, 786.642517
777.1625059999999, 779.12049875, 779.0474857499999, 779.70199575, 778.1900022500001, 786.642517, 783.875
779.12049875, 779.0474857499999, 779.70199575, 778.1900022500001, 786.642517, 783.875, 773.5852355000001
779.0474857499999, 779.70199575, 778.1900022500001, 786.642517, 783.875, 773.5852355000001, 770.5675047499999
779.70199575, 778.1900022500001, 786.642517, 783.875, 773.5852355000001, 770.5675047499999, 769.1402435
778.1900022500001, 786.642517, 783.875, 773.5852355000001, 770.5675047499999, 769.1402435, 768.2599945
786.642517, 783.875, 773.5852355000001, 770.5675047499999, 769.1402435, 768.2599945, 767.10250875
783.875, 773.5852355000001, 770.5675047499999, 769.1402435, 768.2599945, 767.10250875, 762.22248825
773.5852355000001, 770.5675047499999, 769.1402435, 768.2599945, 767.10250875, 762.22248825, 761.5474852500001
770.5675047499999, 769.1402435, 768.2599945, 767.10250875, 762.22248825, 761.5474852500001, 762.1100007499999
769.1402435, 768.2599945, 767.10250875, 762.22248825, 761.5474852500001, 762.1100007499999, 765.66622925
768.2599945, 767.10250875, 762.22248825, 761.5474852500001, 762.1100007499999, 765.66622925, 776.96000675
767.10250875, 762.22248825, 761.5474852500001, 762.1100007499999, 765.66622925, 776.96000675, 779.8199920000001
762.22248825, 761.5474852500001, 762.1100007499999, 765.66622925, 776.96000675, 779.8199920000001, 776.6325072500001
761.5474852500001, 762.1100007499999, 765.66622925, 776.96000675, 779.8199920000001, 776.6325072500001, 771.6999969999999
762.1100007499999, 765.66622925, 776.96000675, 779.8199920000001, 776.6325072500001, 771.6999969999999, 768.3375092499999
765.66622925, 776.96000675, 779.8199920000001, 776.6325072500001, 771.6999969999999, 768.3375092499999, 767.1325075
776.96000675, 779.8199920000001, 776.6325072500001, 771.6999969999999, 768.3375092499999, 767.1325075, 769.9315185
779.8199920000001, 776.6325072500001, 771.6999969999999, 768.3375092499999, 767.1325075, 769.9315185, 770.6237485
776.6325072500001, 771.6999969999999, 768.3375092499999, 767.1325075, 769.9315185, 770.6237485, 770.1174927499999
771.6999969999999, 768.3375092499999, 767.1325075, 769.9315185, 770.6237485, 770.1174927499999, 767.8712464999999
768.3375092499999, 767.1325075, 769.9315185, 770.6237485, 770.1174927499999, 767.8712464999999, 770.44750975
767.1325075, 769.9315185, 770.6237485, 770.1174927499999, 767.8712464999999, 770.44750975, 773.9462430000001
769.9315185, 770.6237485, 770.1174927499999, 767.8712464999999, 770.44750975, 773.9462430000001, 772.5025025000001
770.6237485, 770.1174927499999, 767.8712464999999, 770.44750975, 773.9462430000001, 772.5025025000001, 775.162491
770.1174927499999, 767.8712464999999, 770.44750975, 773.9462430000001, 772.5025025000001, 775.162491, 779.34249875
767.8712464999999, 770.44750975, 773.9462430000001, 772.5025025000001, 775.162491, 779.34249875, 777.8925017500001
770.44750975, 773.9462430000001, 772.5025025000001, 775.162491, 779.34249875, 777.8925017500001, 777.96598825
773.9462430000001, 772.5025025000001, 775.162491, 779.34249875, 777.8925017500001, 777.96598825, 783.4474942500001
772.5025025000001, 775.162491, 779.34249875, 777.8925017500001, 777.96598825, 783.4474942500001, 782.12875375
775.162491, 779.34249875, 777.8925017500001, 777.96598825, 783.4474942500001, 782.12875375, 785.64248675
779.34249875, 777.8925017500001, 777.96598825, 783.4474942500001, 782.12875375, 785.64248675, 784.505005
777.8925017500001, 777.96598825, 783.4474942500001, 782.12875375, 785.64248675, 784.505005, 783.71749875
777.96598825, 783.4474942500001, 782.12875375, 785.64248675, 784.505005, 783.71749875, 781.1202545
783.4474942500001, 782.12875375, 785.64248675, 784.505005, 783.71749875, 781.1202545, 777.84500125
782.12875375, 785.64248675, 784.505005, 783.71749875, 781.1202545, 777.84500125, 771.6737365
785.64248675, 784.505005, 783.71749875, 781.1202545, 777.84500125, 771.6737365, 770.09750375
784.505005, 783.71749875, 781.1202545, 777.84500125, 771.6737365, 770.09750375, 770.8625030000001
783.71749875, 781.1202545, 777.84500125, 771.6737365, 770.09750375, 770.8625030000001, 768.872513
781.1202545, 777.84500125, 771.6737365, 770.09750375, 770.8625030000001, 768.872513, 771.7050019999999
777.84500125, 771.6737365, 770.09750375, 770.8625030000001, 768.872513, 771.7050019999999, 745.22499075
771.6737365, 770.09750375, 770.8625030000001, 768.872513, 771.7050019999999, 745.22499075, 740.3775177499999
770.09750375, 770.8625030000001, 768.872513, 771.7050019999999, 745.22499075, 740.3775177499999, 738.35499575
770.8625030000001, 768.872513, 771.7050019999999, 745.22499075, 740.3775177499999, 738.35499575, 740.1374969999999
768.872513, 771.7050019999999, 745.22499075, 740.3775177499999, 738.35499575, 740.1374969999999, 741.09999075
771.7050019999999, 745.22499075, 740.3775177499999, 738.35499575, 740.1374969999999, 741.09999075, 739.1277465000001
745.22499075, 740.3775177499999, 738.35499575, 740.1374969999999, 741.09999075, 739.1277465000001, 739.4375
740.3775177499999, 738.35499575, 740.1374969999999, 741.09999075, 739.1277465000001, 739.4375, 733.21000675
738.35499575, 740.1374969999999, 741.09999075, 739.1277465000001, 739.4375, 733.21000675, 728.4525145
740.1374969999999, 741.09999075, 739.1277465000001, 739.4375, 733.21000675, 728.4525145, 722.59373475
741.09999075, 739.1277465000001, 739.4375, 733.21000675, 728.4525145, 722.59373475, 720.6925200000001
739.1277465000001, 739.4375, 733.21000675, 728.4525145, 722.59373475, 720.6925200000001, 720.36248775
739.4375, 733.21000675, 728.4525145, 722.59373475, 720.6925200000001, 720.36248775, 719.65249625
733.21000675, 728.4525145, 722.59373475, 720.6925200000001, 720.36248775, 719.65249625, 711.72250375
728.4525145, 722.59373475, 720.6925200000001, 720.36248775, 719.65249625, 711.72250375, 701.81875625
722.59373475, 720.6925200000001, 720.36248775, 719.65249625, 711.72250375, 701.81875625, 694.96376025
720.6925200000001, 720.36248775, 719.65249625, 711.72250375, 701.81875625, 694.96376025, 694.630005
720.36248775, 719.65249625, 711.72250375, 701.81875625, 694.96376025, 694.630005, 694.20750425
719.65249625, 711.72250375, 701.81875625, 694.96376025, 694.630005, 694.20750425, 696.04751575
711.72250375, 701.81875625, 694.96376025, 694.630005, 694.20750425, 696.04751575, 688.3849945000001
701.81875625, 694.96376025, 694.630005, 694.20750425, 696.04751575, 688.3849945000001, 683.9872435
694.96376025, 694.630005, 694.20750425, 696.04751575, 688.3849945000001, 683.9872435, 678.0849915
694.630005, 694.20750425, 696.04751575, 688.3849945000001, 683.9872435, 678.0849915, 668.71099875
694.20750425, 696.04751575, 688.3849945000001, 683.9872435, 678.0849915, 668.71099875, 678.3099975
696.04751575, 688.3849945000001, 683.9872435, 678.0849915, 668.71099875, 678.3099975, 697.06750475
688.3849945000001, 683.9872435, 678.0849915, 668.71099875, 678.3099975, 697.06750475, 697.61549375
683.9872435, 678.0849915, 668.71099875, 678.3099975, 697.06750475, 697.61549375, 697.2800139999999
678.0849915, 668.71099875, 678.3099975, 697.06750475, 697.61549375, 697.2800139999999, 697.09249875
668.71099875, 678.3099975, 697.06750475, 697.61549375, 697.2800139999999, 697.09249875, 699.410507
678.3099975, 697.06750475, 697.61549375, 697.2800139999999, 697.09249875, 699.410507, 711.2949980000001
697.06750475, 697.61549375, 697.2800139999999, 697.09249875, 699.410507, 711.2949980000001, 719.5524902499999
697.61549375, 697.2800139999999, 697.09249875, 699.410507, 711.2949980000001, 719.5524902499999, 717.5849915
697.2800139999999, 697.09249875, 699.410507, 711.2949980000001, 719.5524902499999, 717.5849915, 719.2050017500001
697.09249875, 699.410507, 711.2949980000001, 719.5524902499999, 717.5849915, 719.2050017500001, 720.299988
699.410507, 711.2949980000001, 719.5524902499999, 717.5849915, 719.2050017500001, 720.299988, 725.83149725
711.2949980000001, 719.5524902499999, 717.5849915, 719.2050017500001, 720.299988, 725.83149725, 725.34751875
719.5524902499999, 717.5849915, 719.2050017500001, 720.299988, 725.83149725, 725.34751875, 718.75500475
717.5849915, 719.2050017500001, 720.299988, 725.83149725, 725.34751875, 718.75500475, 720.2449797500001
719.2050017500001, 720.299988, 725.83149725, 725.34751875, 718.75500475, 720.2449797500001, 725.41500875
720.299988, 725.83149725, 725.34751875, 718.75500475, 720.2449797500001, 725.41500875, 730.0225067499999
725.83149725, 725.34751875, 718.75500475, 720.2449797500001, 725.41500875, 730.0225067499999, 734.137512
725.34751875, 718.75500475, 720.2449797500001, 725.41500875, 730.0225067499999, 734.137512, 734.61248775
718.75500475, 720.2449797500001, 725.41500875, 730.0225067499999, 734.137512, 734.61248775, 728.6514892499999
720.2449797500001, 725.41500875, 730.0225067499999, 734.137512, 734.61248775, 728.6514892499999, 723.900009
725.41500875, 730.0225067499999, 734.137512, 734.61248775, 728.6514892499999, 723.900009, 723.31126425
730.0225067499999, 734.137512, 734.61248775, 728.6514892499999, 723.900009, 723.31126425, 713.694992
734.137512, 734.61248775, 728.6514892499999, 723.900009, 723.31126425, 713.694992, 706.6070097500001
734.61248775, 728.6514892499999, 723.900009, 723.31126425, 713.694992, 706.6070097500001, 706.6150055
728.6514892499999, 723.900009, 723.31126425, 713.694992, 706.6070097500001, 706.6150055, 701.369995
723.900009, 723.31126425, 713.694992, 706.6070097500001, 706.6150055, 701.369995, 705.63249225
723.31126425, 713.694992, 706.6070097500001, 706.6150055, 701.369995, 705.63249225, 711.96249375
713.694992, 706.6070097500001, 706.6150055, 701.369995, 705.63249225, 711.96249375, 712.43749975
706.6070097500001, 706.6150055, 701.369995, 705.63249225, 711.96249375, 712.43749975, 712.1705017500001
706.6150055, 701.369995, 705.63249225, 711.96249375, 712.43749975, 712.1705017500001, 714.6549989999999
701.369995, 705.63249225, 711.96249375, 712.43749975, 712.1705017500001, 714.6549989999999, 718.9949797499999
705.63249225, 711.96249375, 712.43749975, 712.1705017500001, 714.6549989999999, 718.9949797499999, 719.787491
711.96249375, 712.43749975, 712.1705017500001, 714.6549989999999, 718.9949797499999, 719.787491, 713.4025115000001
712.43749975, 712.1705017500001, 714.6549989999999, 718.9949797499999, 719.787491, 713.4025115000001, 704.866745
712.1705017500001, 714.6549989999999, 718.9949797499999, 719.787491, 713.4025115000001, 704.866745, 699.29249575
714.6549989999999, 718.9949797499999, 719.787491, 713.4025115000001, 704.866745, 699.29249575, 693.7375030000001
718.9949797499999, 719.787491, 713.4025115000001, 704.866745, 699.29249575, 693.7375030000001, 694.7675017500001
719.787491, 713.4025115000001, 704.866745, 699.29249575, 693.7375030000001, 694.7675017500001, 696.8700105
713.4025115000001, 704.866745, 699.29249575, 693.7375030000001, 694.7675017500001, 696.8700105, 692.58250425
704.866745, 699.29249575, 693.7375030000001, 694.7675017500001, 696.8700105, 692.58250425, 700.75000025
699.29249575, 693.7375030000001, 694.7675017500001, 696.8700105, 692.58250425, 700.75000025, 703.61874375
693.7375030000001, 694.7675017500001, 696.8700105, 692.58250425, 700.75000025, 703.61874375, 715.5879975
694.7675017500001, 696.8700105, 692.58250425, 700.75000025, 703.61874375, 715.5879975, 719.692505
696.8700105, 692.58250425, 700.75000025, 703.61874375, 715.5879975, 719.692505, 723.6999969999999
692.58250425, 700.75000025, 703.61874375, 715.5879975, 719.692505, 723.6999969999999, 756.130005
700.75000025, 703.61874375, 715.5879975, 719.692505, 723.6999969999999, 756.130005, 754.7030030000001
703.61874375, 715.5879975, 719.692505, 723.6999969999999, 756.130005, 754.7030030000001, 760.6675109999999
715.5879975, 719.692505, 723.6999969999999, 756.130005, 754.7030030000001, 760.6675109999999, 763.10499575
719.692505, 723.6999969999999, 756.130005, 754.7030030000001, 760.6675109999999, 763.10499575, 756.6684875000001
723.6999969999999, 756.130005, 754.7030030000001, 760.6675109999999, 763.10499575, 756.6684875000001, 754.30625925
756.130005, 754.7030030000001, 760.6675109999999, 763.10499575, 756.6684875000001, 754.30625925, 749.88023375
754.7030030000001, 760.6675109999999, 763.10499575, 756.6684875000001, 754.30625925, 749.88023375, 738.9825135000001
760.6675109999999, 763.10499575, 756.6684875000001, 754.30625925, 749.88023375, 738.9825135000001, 740.0424959999999
763.10499575, 756.6684875000001, 754.30625925, 749.88023375, 738.9825135000001, 740.0424959999999, 741.02999875
756.6684875000001, 754.30625925, 749.88023375, 738.9825135000001, 740.0424959999999, 741.02999875, 742.23251325
754.30625925, 749.88023375, 738.9825135000001, 740.0424959999999, 741.02999875, 742.23251325, 740.8150025
749.88023375, 738.9825135000001, 740.0424959999999, 741.02999875, 742.23251325, 740.8150025, 738.4924927499999
738.9825135000001, 740.0424959999999, 741.02999875, 742.23251325, 740.8150025, 738.4924927499999, 747.64498925
740.0424959999999, 741.02999875, 742.23251325, 740.8150025, 738.4924927499999, 747.64498925, 743.9624939999999
741.02999875, 742.23251325, 740.8150025, 738.4924927499999, 747.64498925, 743.9624939999999, 746.4974975
742.23251325, 740.8150025, 738.4924927499999, 747.64498925, 743.9624939999999, 746.4974975, 751.8125
740.8150025, 738.4924927499999, 747.64498925, 743.9624939999999, 746.4974975, 751.8125, 738.84251425
738.4924927499999, 747.64498925, 743.9624939999999, 746.4974975, 751.8125, 738.84251425, 735.45249925
747.64498925, 743.9624939999999, 746.4974975, 751.8125, 738.84251425, 735.45249925, 734.0142517500001
743.9624939999999, 746.4974975, 751.8125, 738.84251425, 735.45249925, 734.0142517500001, 740.5724945
746.4974975, 751.8125, 738.84251425, 735.45249925, 734.0142517500001, 740.5724945, 740.167511
751.8125, 738.84251425, 735.45249925, 734.0142517500001, 740.5724945, 740.167511, 738.6515045000001
738.84251425, 735.45249925, 734.0142517500001, 740.5724945, 740.167511, 738.6515045000001, 738.3224945000001
735.45249925, 734.0142517500001, 740.5724945, 740.167511, 738.6515045000001, 738.3224945000001, 738.325012
734.0142517500001, 740.5724945, 740.167511, 738.6515045000001, 738.3224945000001, 738.325012, 731.1100007499999
740.5724945, 740.167511, 738.6515045000001, 738.3224945000001, 738.325012, 731.1100007499999, 728.0774994999999
740.167511, 738.6515045000001, 738.3224945000001, 738.325012, 731.1100007499999, 728.0774994999999, 729.4875030000001
738.6515045000001, 738.3224945000001, 738.325012, 731.1100007499999, 728.0774994999999, 729.4875030000001, 722.7162475
738.3224945000001, 738.325012, 731.1100007499999, 728.0774994999999, 729.4875030000001, 722.7162475, 710.1849972500002
738.325012, 731.1100007499999, 728.0774994999999, 729.4875030000001, 722.7162475, 710.1849972500002, 700.8474885
731.1100007499999, 728.0774994999999, 729.4875030000001, 722.7162475, 710.1849972500002, 700.8474885, 692.92250075
728.0774994999999, 729.4875030000001, 722.7162475, 710.1849972500002, 700.8474885, 692.92250075, 699.2627560000001
729.4875030000001, 722.7162475, 710.1849972500002, 700.8474885, 692.92250075, 699.2627560000001, 712.09750375
722.7162475, 710.1849972500002, 700.8474885, 692.92250075, 699.2627560000001, 712.09750375, 714.1425019999999
710.1849972500002, 700.8474885, 692.92250075, 699.2627560000001, 712.09750375, 714.1425019999999, 717.462494
700.8474885, 692.92250075, 699.2627560000001, 712.09750375, 714.1425019999999, 717.462494, 710.2525027500001
692.92250075, 699.2627560000001, 712.09750375, 714.1425019999999, 717.462494, 710.2525027500001, 701.66500875
699.2627560000001, 712.09750375, 714.1425019999999, 717.462494, 710.2525027500001, 701.66500875, 706.9850005000001
712.09750375, 714.1425019999999, 717.462494, 710.2525027500001, 701.66500875, 706.9850005000001, 700.5812530000001
714.1425019999999, 717.462494, 710.2525027500001, 701.66500875, 706.9850005000001, 700.5812530000001, 692.3150025
717.462494, 710.2525027500001, 701.66500875, 706.9850005000001, 700.5812530000001, 692.3150025, 699.82000725
710.2525027500001, 701.66500875, 706.9850005000001, 700.5812530000001, 692.3150025, 699.82000725, 707.4150085000001
701.66500875, 706.9850005000001, 700.5812530000001, 692.3150025, 699.82000725, 707.4150085000001, 698.267746
706.9850005000001, 700.5812530000001, 692.3150025, 699.82000725, 707.4150085000001, 698.267746, 703.93249525
700.5812530000001, 692.3150025, 699.82000725, 707.4150085000001, 698.267746, 703.93249525, 701.905014
692.3150025, 699.82000725, 707.4150085000001, 698.267746, 703.93249525, 701.905014, 691.757492
699.82000725, 707.4150085000001, 698.267746, 703.93249525, 701.905014, 691.757492, 686.2525025
707.4150085000001, 698.267746, 703.93249525, 701.905014, 691.757492, 686.2525025, 679.0819855
698.267746, 703.93249525, 701.905014, 691.757492, 686.2525025, 679.0819855, 688.60499575
703.93249525, 701.905014, 691.757492, 686.2525025, 679.0819855, 688.60499575, 679.7750090000001
701.905014, 691.757492, 686.2525025, 679.0819855, 688.60499575, 679.7750090000001, 674.4199982499999
691.757492, 686.2525025, 679.0819855, 688.60499575, 679.7750090000001, 674.4199982499999, 692.895004
686.2525025, 679.0819855, 688.60499575, 679.7750090000001, 674.4199982499999, 692.895004, 714.9199982499999
679.0819855, 688.60499575, 679.7750090000001, 674.4199982499999, 692.895004, 714.9199982499999, 748.04249575
688.60499575, 679.7750090000001, 674.4199982499999, 692.895004, 714.9199982499999, 748.04249575, 775.91751075
679.7750090000001, 674.4199982499999, 692.895004, 714.9199982499999, 748.04249575, 775.91751075, 750.89750675
674.4199982499999, 692.895004, 714.9199982499999, 748.04249575, 775.91751075, 750.89750675, 736.5675047500001
692.895004, 714.9199982499999, 748.04249575, 775.91751075, 750.89750675, 736.5675047500001, 724.8049927500001
714.9199982499999, 748.04249575, 775.91751075, 750.89750675, 736.5675047500001, 724.8049927500001, 706.57124325
748.04249575, 775.91751075, 750.89750675, 736.5675047500001, 724.8049927500001, 706.57124325, 712.91249075
775.91751075, 750.89750675, 736.5675047500001, 724.8049927500001, 706.57124325, 712.91249075, 718.7350007499999
750.89750675, 736.5675047500001, 724.8049927500001, 706.57124325, 712.91249075, 718.7350007499999, 724.27523825
736.5675047500001, 724.8049927500001, 706.57124325, 712.91249075, 718.7350007499999, 724.27523825, 705.6050110000001
724.8049927500001, 706.57124325, 712.91249075, 718.7350007499999, 724.27523825, 705.6050110000001, 691.79249575
706.57124325, 712.91249075, 718.7350007499999, 724.27523825, 705.6050110000001, 691.79249575, 702.1199797499999
712.91249075, 718.7350007499999, 724.27523825, 705.6050110000001, 691.79249575, 702.1199797499999, 694.71249375
718.7350007499999, 724.27523825, 705.6050110000001, 691.79249575, 702.1199797499999, 694.71249375, 707.781235
724.27523825, 705.6050110000001, 691.79249575, 702.1199797499999, 694.71249375, 707.781235, 716.1899872500001
705.6050110000001, 691.79249575, 702.1199797499999, 694.71249375, 707.781235, 716.1899872500001, 723.4542542500001
691.79249575, 702.1199797499999, 694.71249375, 707.781235, 716.1899872500001, 723.4542542500001, 713.758743
702.1199797499999, 694.71249375, 707.781235, 716.1899872500001, 723.4542542500001, 713.758743, 723.03749075
694.71249375, 707.781235, 716.1899872500001, 723.4542542500001, 713.758743, 723.03749075, 728.56500275
707.781235, 716.1899872500001, 723.4542542500001, 713.758743, 723.03749075, 728.56500275, 737.42999275
716.1899872500001, 723.4542542500001, 713.758743, 723.03749075, 728.56500275, 737.42999275, 744.9175110000001
723.4542542500001, 713.758743, 723.03749075, 728.56500275, 737.42999275, 744.9175110000001, 740.03950525
