price1, price2, price3, price4, price5, price6
62.52999975, 62.922501, 63.155002, 63.442499250000004, 63.257500750000005, 63.724999249999996, 63.44750025
62.922501, 63.155002, 63.442499250000004, 63.257500750000005, 63.724999249999996, 63.44750025, 63.514999499999995
63.155002, 63.442499250000004, 63.257500750000005, 63.724999249999996, 63.44750025, 63.514999499999995, 63.0924995
63.442499250000004, 63.257500750000005, 63.724999249999996, 63.44750025, 63.514999499999995, 63.0924995, 62.58
63.257500750000005, 63.724999249999996, 63.44750025, 63.514999499999995, 63.0924995, 62.58, 62.682501
63.724999249999996, 63.44750025, 63.514999499999995, 63.0924995, 62.58, 62.682501, 62.915
63.44750025, 63.514999499999995, 63.0924995, 62.58, 62.682501, 62.915, 62.785
63.514999499999995, 63.0924995, 62.58, 62.682501, 62.915, 62.785, 62.0024995
63.0924995, 62.58, 62.682501, 62.915, 62.785, 62.0024995, 61.567501
62.58, 62.682501, 62.915, 62.785, 62.0024995, 61.567501, 61.18249975
62.682501, 62.915, 62.785, 62.0024995, 61.567501, 61.18249975, 60.63999925
62.915, 62.785, 62.0024995, 61.567501, 61.18249975, 60.63999925, 60.15999975
62.785, 62.0024995, 61.567501, 61.18249975, 60.63999925, 60.15999975, 60.01750075
62.0024995, 61.567501, 61.18249975, 60.63999925, 60.15999975, 60.01750075, 59.150000500000004
61.567501, 61.18249975, 60.63999925, 60.15999975, 60.01750075, 59.150000500000004, 59.60000074999999
61.18249975, 60.63999925, 60.15999975, 60.01750075, 59.150000500000004, 59.60000074999999, 60.629999999999995
60.63999925, 60.15999975, 60.01750075, 59.150000500000004, 59.60000074999999, 60.629999999999995, 60.9175005
60.15999975, 60.01750075, 59.150000500000004, 59.60000074999999, 60.629999999999995, 60.9175005, 60.545
60.01750075, 59.150000500000004, 59.60000074999999, 60.629999999999995, 60.9175005, 60.545, 60.372499499999996
59.150000500000004, 59.60000074999999, 60.629999999999995, 60.9175005, 60.545, 60.372499499999996, 60.6899995
59.60000074999999, 60.629999999999995, 60.9175005, 60.545, 60.372499499999996, 60.6899995, 61.042499500000005
60.629999999999995, 60.9175005, 60.545, 60.372499499999996, 60.6899995, 61.042499500000005, 60.6875
60.9175005, 60.545, 60.372499499999996, 60.6899995, 61.042499500000005, 60.6875, 60.642498749999994
60.545, 60.372499499999996, 60.6899995, 61.042499500000005, 60.6875, 60.642498749999994, 60.492500250000006
60.372499499999996, 60.6899995, 61.042499500000005, 60.6875, 60.642498749999994, 60.492500250000006, 59.2650005
60.6899995, 61.042499500000005, 60.6875, 60.642498749999994, 60.492500250000006, 59.2650005, 58.75250075
61.042499500000005, 60.6875, 60.642498749999994, 60.492500250000006, 59.2650005, 58.75250075, 58.375
60.6875, 60.642498749999994, 60.492500250000006, 59.2650005, 58.75250075, 58.375, 58.59499925
60.642498749999994, 60.492500250000006, 59.2650005, 58.75250075, 58.375, 58.59499925, 59.325001
60.492500250000006, 59.2650005, 58.75250075, 58.375, 58.59499925, 59.325001, 59.98999975
59.2650005, 58.75250075, 58.375, 58.59499925, 59.325001, 59.98999975, 60.48750025
58.75250075, 58.375, 58.59499925, 59.325001, 59.98999975, 60.48750025, 60.124998999999995
58.375, 58.59499925, 59.325001, 59.98999975, 60.48750025, 60.124998999999995, 58.790000000000006
58.59499925, 59.325001, 59.98999975, 60.48750025, 60.124998999999995, 58.790000000000006, 59.372499499999996
59.325001, 59.98999975, 60.48750025, 60.124998999999995, 58.790000000000006, 59.372499499999996, 59.619999750000005
59.98999975, 60.48750025, 60.124998999999995, 58.790000000000006, 59.372499499999996, 59.619999750000005, 59.760000000000005
60.48750025, 60.124998999999995, 58.790000000000006, 59.372499499999996, 59.619999750000005, 59.760000000000005, 60.104998499999994
60.124998999999995, 58.790000000000006, 59.372499499999996, 59.619999750000005, 59.760000000000005, 60.104998499999994, 59.994999750000005
58.790000000000006, 59.372499499999996, 59.619999750000005, 59.760000000000005, 60.104998499999994, 59.994999750000005, 60.40750025
59.372499499999996, 59.619999750000005, 59.760000000000005, 60.104998499999994, 59.994999750000005, 60.40750025, 60.777501
59.619999750000005, 59.760000000000005, 60.104998499999994, 59.994999750000005, 60.40750025, 60.777501, 61.0024995
59.760000000000005, 60.104998499999994, 59.994999750000005, 60.40750025, 60.777501, 61.0024995, 60.46749975
60.104998499999994, 59.994999750000005, 60.40750025, 60.777501, 61.0024995, 60.46749975, 59.9700005
59.994999750000005, 60.40750025, 60.777501, 61.0024995, 60.46749975, 59.9700005, 57.2325
60.40750025, 60.777501, 61.0024995, 60.46749975, 59.9700005, 57.2325, 57.5600005
60.777501, 61.0024995, 60.46749975, 59.9700005, 57.2325, 57.5600005, 57.637499999999996
61.0024995, 60.46749975, 59.9700005, 57.2325, 57.5600005, 57.637499999999996, 57.2275
60.46749975, 59.9700005, 57.2325, 57.5600005, 57.637499999999996, 57.2275, 57.349999499999996
59.9700005, 57.2325, 57.5600005, 57.637499999999996, 57.2275, 57.349999499999996, 56.809999499999996
57.2325, 57.5600005, 57.637499999999996, 57.2275, 57.349999499999996, 56.809999499999996, 56.972500999999994
57.5600005, 57.637499999999996, 57.2275, 57.349999499999996, 56.809999499999996, 56.972500999999994, 57.497499250000004
57.637499999999996, 57.2275, 57.349999499999996, 56.809999499999996, 56.972500999999994, 57.497499250000004, 58.052499749999996
57.2275, 57.349999499999996, 56.809999499999996, 56.972500999999994, 57.497499250000004, 58.052499749999996, 57.76249874999999
57.349999499999996, 56.809999499999996, 56.972500999999994, 57.497499250000004, 58.052499749999996, 57.76249874999999, 57.655001
56.809999499999996, 56.972500999999994, 57.497499250000004, 58.052499749999996, 57.76249874999999, 57.655001, 57.537499249999996
56.972500999999994, 57.497499250000004, 58.052499749999996, 57.76249874999999, 57.655001, 57.537499249999996, 57.27000025
57.497499250000004, 58.052499749999996, 57.76249874999999, 57.655001, 57.537499249999996, 57.27000025, 57.359999499999994
58.052499749999996, 57.76249874999999, 57.655001, 57.537499249999996, 57.27000025, 57.359999499999994, 57.5699995
57.76249874999999, 57.655001, 57.537499249999996, 57.27000025, 57.359999499999994, 57.5699995, 57.6475
57.655001, 57.537499249999996, 57.27000025, 57.359999499999994, 57.5699995, 57.6475, 57.90999975
57.537499249999996, 57.27000025, 57.359999499999994, 57.5699995, 57.6475, 57.90999975, 57.4050005
57.27000025, 57.359999499999994, 57.5699995, 57.6475, 57.90999975, 57.4050005, 56.98750125
57.359999499999994, 57.5699995, 57.6475, 57.90999975, 57.4050005, 56.98750125, 57.6475
57.5699995, 57.6475, 57.90999975, 57.4050005, 56.98750125, 57.6475, 57.842499749999995
57.6475, 57.90999975, 57.4050005, 56.98750125, 57.6475, 57.842499749999995, 57.549999
57.90999975, 57.4050005, 56.98750125, 57.6475, 57.842499749999995, 57.549999, 57.06499925
57.4050005, 56.98750125, 57.6475, 57.842499749999995, 57.549999, 57.06499925, 57.199999500000004
56.98750125, 57.6475, 57.842499749999995, 57.549999, 57.06499925, 57.199999500000004, 57.3150005
57.6475, 57.842499749999995, 57.549999, 57.06499925, 57.199999500000004, 57.3150005, 56.66749975
57.842499749999995, 57.549999, 57.06499925, 57.199999500000004, 57.3150005, 56.66749975, 56.32749925
57.549999, 57.06499925, 57.199999500000004, 57.3150005, 56.66749975, 56.32749925, 56.4325
57.06499925, 57.199999500000004, 57.3150005, 56.66749975, 56.32749925, 56.4325, 56.46749975
57.199999500000004, 57.3150005, 56.66749975, 56.32749925, 56.4325, 56.46749975, 56.682499750000005
57.3150005, 56.66749975, 56.32749925, 56.4325, 56.46749975, 56.682499750000005, 57.5075005
56.66749975, 56.32749925, 56.4325, 56.46749975, 56.682499750000005, 57.5075005, 57.59500025
56.32749925, 56.4325, 56.46749975, 56.682499750000005, 57.5075005, 57.59500025, 57.599999499999996
56.4325, 56.46749975, 56.682499750000005, 57.5075005, 57.59500025, 57.599999499999996, 57.737498249999994
56.46749975, 56.682499750000005, 57.5075005, 57.59500025, 57.599999499999996, 57.737498249999994, 57.357499000000004
56.682499750000005, 57.5075005, 57.59500025, 57.599999499999996, 57.737498249999994, 57.357499000000004, 57.55249975
57.5075005, 57.59500025, 57.599999499999996, 57.737498249999994, 57.357499000000004, 57.55249975, 57.91749974999999
57.59500025, 57.599999499999996, 57.737498249999994, 57.357499000000004, 57.55249975, 57.91749974999999, 58.2449985
57.599999499999996, 57.737498249999994, 57.357499000000004, 57.55249975, 57.91749974999999, 58.2449985, 58.1749995
57.737498249999994, 57.357499000000004, 57.55249975, 57.91749974999999, 58.2449985, 58.1749995, 58.029999749999995
57.357499000000004, 57.55249975, 57.91749974999999, 58.2449985, 58.1749995, 58.029999749999995, 57.8775005
57.55249975, 57.91749974999999, 58.2449985, 58.1749995, 58.029999749999995, 57.8775005, 57.95499975
57.91749974999999, 58.2449985, 58.1749995, 58.029999749999995, 57.8775005, 57.95499975, 57.5699985
58.2449985, 58.1749995, 58.029999749999995, 57.8775005, 57.95499975, 57.5699985, 57.495000000000005
58.1749995, 58.029999749999995, 57.8775005, 57.95499975, 57.5699985, 57.495000000000005, 57.497499250000004
58.029999749999995, 57.8775005, 57.95499975, 57.5699985, 57.495000000000005, 57.497499250000004, 57.5025005
57.8775005, 57.95499975, 57.5699985, 57.495000000000005, 57.497499250000004, 57.5025005, 57.48499975
57.95499975, 57.5699985, 57.495000000000005, 57.497499250000004, 57.5025005, 57.48499975, 58.147499
57.5699985, 57.495000000000005, 57.497499250000004, 57.5025005, 57.48499975, 58.147499, 57.944999
57.495000000000005, 57.497499250000004, 57.5025005, 57.48499975, 58.147499, 57.944999, 58.2024995
57.497499250000004, 57.5025005, 57.48499975, 58.147499, 57.944999, 58.2024995, 58.08
57.5025005, 57.48499975, 58.147499, 57.944999, 58.2024995, 58.08, 58.22249975
57.48499975, 58.147499, 57.944999, 58.2024995, 58.08, 58.22249975, 57.99750025
58.147499, 57.944999, 58.2024995, 58.08, 58.22249975, 57.99750025, 57.81750025
57.944999, 58.2024995, 58.08, 58.22249975, 57.99750025, 57.81750025, 57.094999
58.2024995, 58.08, 58.22249975, 57.99750025, 57.81750025, 57.094999, 56.812501
58.08, 58.22249975, 57.99750025, 57.81750025, 57.094999, 56.812501, 56.66000075
58.22249975, 57.99750025, 57.81750025, 57.094999, 56.812501, 56.66000075, 56.517499750000006
57.99750025, 57.81750025, 57.094999, 56.812501, 56.66000075, 56.517499750000006, 56.43749875
57.81750025, 57.094999, 56.812501, 56.66000075, 56.517499750000006, 56.43749875, 56.07499975
57.094999, 56.812501, 56.66000075, 56.517499750000006, 56.43749875, 56.07499975, 56.427499999999995
56.812501, 56.66000075, 56.517499750000006, 56.43749875, 56.07499975, 56.427499999999995, 56.76999925
56.66000075, 56.517499750000006, 56.43749875, 56.07499975, 56.427499999999995, 56.76999925, 56.55000025
56.517499750000006, 56.43749875, 56.07499975, 56.427499999999995, 56.76999925, 56.55000025, 56.2650005
56.43749875, 56.07499975, 56.427499999999995, 56.76999925, 56.55000025, 56.2650005, 55.94249925
56.07499975, 56.427499999999995, 56.76999925, 56.55000025, 56.2650005, 55.94249925, 56.10750025
56.427499999999995, 56.76999925, 56.55000025, 56.2650005, 55.94249925, 56.10750025, 53.407500250000005
56.76999925, 56.55000025, 56.2650005, 55.94249925, 56.10750025, 53.407500250000005, 53.88749975
56.55000025, 56.2650005, 55.94249925, 56.10750025, 53.407500250000005, 53.88749975, 53.71500025
56.2650005, 55.94249925, 56.10750025, 53.407500250000005, 53.88749975, 53.71500025, 53.787501500000005
55.94249925, 56.10750025, 53.407500250000005, 53.88749975, 53.71500025, 53.787501500000005, 53.527499999999996
56.10750025, 53.407500250000005, 53.88749975, 53.71500025, 53.787501500000005, 53.527499999999996, 53.08500025
53.407500250000005, 53.88749975, 53.71500025, 53.787501500000005, 53.527499999999996, 53.08500025, 52.59750075
53.88749975, 53.71500025, 53.787501500000005, 53.527499999999996, 53.08500025, 52.59750075, 51.98499975
53.71500025, 53.787501500000005, 53.527499999999996, 53.08500025, 52.59750075, 51.98499975, 51.37
53.787501500000005, 53.527499999999996, 53.08500025, 52.59750075, 51.98499975, 51.37, 51.022499999999994
53.527499999999996, 53.08500025, 52.59750075, 51.98499975, 51.37, 51.022499999999994, 51.005000249999995
53.08500025, 52.59750075, 51.98499975, 51.37, 51.022499999999994, 51.005000249999995, 51.2700005
52.59750075, 51.98499975, 51.37, 51.022499999999994, 51.005000249999995, 51.2700005, 50.9224995
51.98499975, 51.37, 51.022499999999994, 51.005000249999995, 51.2700005, 50.9224995, 50.24250025
51.37, 51.022499999999994, 51.005000249999995, 51.2700005, 50.9224995, 50.24250025, 49.124999
51.022499999999994, 51.005000249999995, 51.2700005, 50.9224995, 50.24250025, 49.124999, 48.68000025
51.005000249999995, 51.2700005, 50.9224995, 50.24250025, 49.124999, 48.68000025, 50.025000500000004
51.2700005, 50.9224995, 50.24250025, 49.124999, 48.68000025, 50.025000500000004, 51.6000005
50.9224995, 50.24250025, 49.124999, 48.68000025, 50.025000500000004, 51.6000005, 51.120001
50.24250025, 49.124999, 48.68000025, 50.025000500000004, 51.6000005, 51.120001, 50.745
49.124999, 48.68000025, 50.025000500000004, 51.6000005, 51.120001, 50.745, 50.3925
48.68000025, 50.025000500000004, 51.6000005, 51.120001, 50.745, 50.3925, 50.19750025
50.025000500000004, 51.6000005, 51.120001, 50.745, 50.3925, 50.19750025, 49.9724995
51.6000005, 51.120001, 50.745, 50.3925, 50.19750025, 49.9724995, 49.819998999999996
51.120001, 50.745, 50.3925, 50.19750025, 49.9724995, 49.819998999999996, 49.8500005
50.745, 50.3925, 50.19750025, 49.9724995, 49.819998999999996, 49.8500005, 49.87500075
50.3925, 50.19750025, 49.9724995, 49.819998999999996, 49.8500005, 49.87500075, 51.404999749999995
50.19750025, 49.9724995, 49.819998999999996, 49.8500005, 49.87500075, 51.404999749999995, 51.77750025
49.9724995, 49.819998999999996, 49.8500005, 49.87500075, 51.404999749999995, 51.77750025, 52.09249975
49.819998999999996, 49.8500005, 49.87500075, 51.404999749999995, 51.77750025, 52.09249975, 52.2924995
49.8500005, 49.87500075, 51.404999749999995, 51.77750025, 52.09249975, 52.2924995, 52.09
49.87500075, 51.404999749999995, 51.77750025, 52.09249975, 52.2924995, 52.09, 52.047499499999994
51.404999749999995, 51.77750025, 52.09249975, 52.2924995, 52.09, 52.047499499999994, 52.42500025
51.77750025, 52.09249975, 52.2924995, 52.09, 52.047499499999994, 52.42500025, 52.66999925
52.09249975, 52.2924995, 52.09, 52.047499499999994, 52.42500025, 52.66999925, 52.585
52.2924995, 52.09, 52.047499499999994, 52.42500025, 52.66999925, 52.585, 52.0824995
52.09, 52.047499499999994, 52.42500025, 52.66999925, 52.585, 52.0824995, 51.78999999999999
52.047499499999994, 52.42500025, 52.66999925, 52.585, 52.0824995, 51.78999999999999, 52.08
52.42500025, 52.66999925, 52.585, 52.0824995, 51.78999999999999, 52.08, 51.1000005
52.66999925, 52.585, 52.0824995, 51.78999999999999, 52.08, 51.1000005, 50.32249925
52.585, 52.0824995, 51.78999999999999, 52.08, 51.1000005, 50.32249925, 50.680000500000006
52.0824995, 51.78999999999999, 52.08, 51.1000005, 50.32249925, 50.680000500000006, 50.3075
51.78999999999999, 52.08, 51.1000005, 50.32249925, 50.680000500000006, 50.3075, 50.682499750000005
52.08, 51.1000005, 50.32249925, 50.680000500000006, 50.3075, 50.682499750000005, 51.08
51.1000005, 50.32249925, 50.680000500000006, 50.3075, 50.682499750000005, 51.08, 51.335
50.32249925, 50.680000500000006, 50.3075, 50.682499750000005, 51.08, 51.335, 51.365001
50.680000500000006, 50.3075, 50.682499750000005, 51.08, 51.335, 51.365001, 51.3599995
50.3075, 50.682499750000005, 51.08, 51.335, 51.365001, 51.3599995, 51.239999749999996
50.682499750000005, 51.08, 51.335, 51.365001, 51.3599995, 51.239999749999996, 50.659999750000004
51.08, 51.335, 51.365001, 51.3599995, 51.239999749999996, 50.659999750000004, 50.2875005
51.335, 51.365001, 51.3599995, 51.239999749999996, 50.659999750000004, 50.2875005, 50.089999000000006
51.365001, 51.3599995, 51.239999749999996, 50.659999750000004, 50.2875005, 50.089999000000006, 49.959999249999996
51.3599995, 51.239999749999996, 50.659999750000004, 50.2875005, 50.089999000000006, 49.959999249999996, 49.807499750000005
51.239999749999996, 50.659999750000004, 50.2875005, 50.089999000000006, 49.959999249999996, 49.807499750000005, 50.03249925
50.659999750000004, 50.2875005, 50.089999000000006, 49.959999249999996, 49.807499750000005, 50.03249925, 50.285
50.2875005, 50.089999000000006, 49.959999249999996, 49.807499750000005, 50.03249925, 50.285, 49.70499875
50.089999000000006, 49.959999249999996, 49.807499750000005, 50.03249925, 50.285, 49.70499875, 50.2125005
49.959999249999996, 49.807499750000005, 50.03249925, 50.285, 49.70499875, 50.2125005, 51.117499499999994
49.807499750000005, 50.03249925, 50.285, 49.70499875, 50.2125005, 51.117499499999994, 51.78499875
50.03249925, 50.285, 49.70499875, 50.2125005, 51.117499499999994, 51.78499875, 51.91250049999999
50.285, 49.70499875, 50.2125005, 51.117499499999994, 51.78499875, 51.91250049999999, 51.722499750000004
49.70499875, 50.2125005, 51.117499499999994, 51.78499875, 51.91250049999999, 51.722499750000004, 55.807499
50.2125005, 51.117499499999994, 51.78499875, 51.91250049999999, 51.722499750000004, 55.807499, 55.96750075
51.117499499999994, 51.78499875, 51.91250049999999, 51.722499750000004, 55.807499, 55.96750075, 56.36750000000001
51.78499875, 51.91250049999999, 51.722499750000004, 55.807499, 55.96750075, 56.36750000000001, 55.93750000000001
51.91250049999999, 51.722499750000004, 55.807499, 55.96750075, 56.36750000000001, 55.93750000000001, 55.495
51.722499750000004, 55.807499, 55.96750075, 56.36750000000001, 55.93750000000001, 55.495, 55.307501
55.807499, 55.96750075, 56.36750000000001, 55.93750000000001, 55.495, 55.307501, 55.19999875
55.96750075, 56.36750000000001, 55.93750000000001, 55.495, 55.307501, 55.19999875, 54.3899995
56.36750000000001, 55.93750000000001, 55.495, 55.307501, 55.19999875, 54.3899995, 54.562501
55.93750000000001, 55.495, 55.307501, 55.19999875, 54.3899995, 54.562501, 54.672498749999995
55.495, 55.307501, 55.19999875, 54.3899995, 54.562501, 54.672498749999995, 54.6174995
55.307501, 55.19999875, 54.3899995, 54.562501, 54.672498749999995, 54.6174995, 54.722500000000004
55.19999875, 54.3899995, 54.562501, 54.672498749999995, 54.6174995, 54.722500000000004, 54.8774995
54.3899995, 54.562501, 54.672498749999995, 54.6174995, 54.722500000000004, 54.8774995, 55.38
54.562501, 54.672498749999995, 54.6174995, 54.722500000000004, 54.8774995, 55.38, 55.199999999999996
54.672498749999995, 54.6174995, 54.722500000000004, 54.8774995, 55.38, 55.199999999999996, 55.1575005
54.6174995, 54.722500000000004, 54.8774995, 55.38, 55.199999999999996, 55.1575005, 55.129999999999995
54.722500000000004, 54.8774995, 55.38, 55.199999999999996, 55.1575005, 55.129999999999995, 54.17000025
54.8774995, 55.38, 55.199999999999996, 55.1575005, 55.129999999999995, 54.17000025, 53.84250075
55.38, 55.199999999999996, 55.1575005, 55.129999999999995, 54.17000025, 53.84250075, 54.02750025
55.199999999999996, 55.1575005, 55.129999999999995, 54.17000025, 53.84250075, 54.02750025, 54.0150015
55.1575005, 55.129999999999995, 54.17000025, 53.84250075, 54.02750025, 54.0150015, 53.8475
55.129999999999995, 54.17000025, 53.84250075, 54.02750025, 54.0150015, 53.8475, 53.492500250000006
54.17000025, 53.84250075, 54.02750025, 54.0150015, 53.8475, 53.492500250000006, 54.2075005
53.84250075, 54.02750025, 54.0150015, 53.8475, 53.492500250000006, 54.2075005, 54.46749975
54.02750025, 54.0150015, 53.8475, 53.492500250000006, 54.2075005, 54.46749975, 53.949999749999996
54.0150015, 53.8475, 53.492500250000006, 54.2075005, 54.46749975, 53.949999749999996, 53.1675005
53.8475, 53.492500250000006, 54.2075005, 54.46749975, 53.949999749999996, 53.1675005, 53.0249995
53.492500250000006, 54.2075005, 54.46749975, 53.949999749999996, 53.1675005, 53.0249995, 52.880000249999995
54.2075005, 54.46749975, 53.949999749999996, 53.1675005, 53.0249995, 52.880000249999995, 52.2699995
54.46749975, 53.949999749999996, 53.1675005, 53.0249995, 52.880000249999995, 52.2699995, 52.3599995
53.949999749999996, 53.1675005, 53.0249995, 52.880000249999995, 52.2699995, 52.3599995, 51.295
53.1675005, 53.0249995, 52.880000249999995, 52.2699995, 52.3599995, 51.295, 51.24250025
53.0249995, 52.880000249999995, 52.2699995, 52.3599995, 51.295, 51.24250025, 52.14750025
52.880000249999995, 52.2699995, 52.3599995, 51.295, 51.24250025, 52.14750025, 52.51749975
52.2699995, 52.3599995, 51.295, 51.24250025, 52.14750025, 52.51749975, 52.620000000000005
52.3599995, 51.295, 51.24250025, 52.14750025, 52.51749975, 52.620000000000005, 51.76500025
51.295, 51.24250025, 52.14750025, 52.51749975, 52.620000000000005, 51.76500025, 51.13500025
51.24250025, 52.14750025, 52.51749975, 52.620000000000005, 51.76500025, 51.13500025, 51.919998750000005
52.14750025, 52.51749975, 52.620000000000005, 51.76500025, 51.13500025, 51.919998750000005, 51.63499925
52.51749975, 52.620000000000005, 51.76500025, 51.13500025, 51.919998750000005, 51.63499925, 50.93750025
52.620000000000005, 51.76500025, 51.13500025, 51.919998750000005, 51.63499925, 50.93750025, 51.71749975
51.76500025, 51.13500025, 51.919998750000005, 51.63499925, 50.93750025, 51.71749975, 52.5525
51.13500025, 51.919998750000005, 51.63499925, 50.93750025, 51.71749975, 52.5525, 51.89999975
51.919998750000005, 51.63499925, 50.93750025, 51.71749975, 52.5525, 51.89999975, 52.3925
51.63499925, 50.93750025, 51.71749975, 52.5525, 51.89999975, 52.3925, 52.03250025
50.93750025, 51.71749975, 52.5525, 51.89999975, 52.3925, 52.03250025, 50.80250075
51.71749975, 52.5525, 51.89999975, 52.3925, 52.03250025, 50.80250075, 50.295
52.5525, 51.89999975, 52.3925, 52.03250025, 50.80250075, 50.295, 49.247499499999996
51.89999975, 52.3925, 52.03250025, 50.80250075, 50.295, 49.247499499999996, 49.87749925000001
52.3925, 52.03250025, 50.80250075, 50.295, 49.247499499999996, 49.87749925000001, 49.30249975
52.03250025, 50.80250075, 50.295, 49.247499499999996, 49.87749925000001, 49.30249975, 49.1799995
50.80250075, 50.295, 49.247499499999996, 49.87749925000001, 49.30249975, 49.1799995, 50.915
50.295, 49.247499499999996, 49.87749925000001, 49.30249975, 49.1799995, 50.915, 52.0699995
49.247499499999996, 49.87749925000001, 49.30249975, 49.1799995, 50.915, 52.0699995, 52.51499925
49.87749925000001, 49.30249975, 49.1799995, 50.915, 52.0699995, 52.51499925, 53.5199995
49.30249975, 49.1799995, 50.915, 52.0699995, 52.51499925, 53.5199995, 54.795
49.1799995, 50.915, 52.0699995, 52.51499925, 53.5199995, 54.795, 54.7275
50.915, 52.0699995, 52.51499925, 53.5199995, 54.795, 54.7275, 51.84500025
52.0699995, 52.51499925, 53.5199995, 54.795, 54.7275, 51.84500025, 51.612500000000004
52.51499925, 53.5199995, 54.795, 54.7275, 51.84500025, 51.612500000000004, 51.98749924999999
53.5199995, 54.795, 54.7275, 51.84500025, 51.612500000000004, 51.98749924999999, 52.007501
54.795, 54.7275, 51.84500025, 51.612500000000004, 51.98749924999999, 52.007501, 51.82250025
54.7275, 51.84500025, 51.612500000000004, 51.98749924999999, 52.007501, 51.82250025, 50.840000249999996
51.84500025, 51.612500000000004, 51.98749924999999, 52.007501, 51.82250025, 50.840000249999996, 50.31249999999999
51.612500000000004, 51.98749924999999, 52.007501, 51.82250025, 50.840000249999996, 50.31249999999999, 50.9450005
51.98749924999999, 52.007501, 51.82250025, 50.840000249999996, 50.31249999999999, 50.9450005, 51.152501
52.007501, 51.82250025, 50.840000249999996, 50.31249999999999, 50.9450005, 51.152501, 52.52499974999999
51.82250025, 50.840000249999996, 50.31249999999999, 50.9450005, 51.152501, 52.52499974999999, 52.70249925
50.840000249999996, 50.31249999999999, 50.9450005, 51.152501, 52.52499974999999, 52.70249925, 52.674999
50.31249999999999, 50.9450005, 51.152501, 52.52499974999999, 52.70249925, 52.674999, 52.279998500000005
50.9450005, 51.152501, 52.52499974999999, 52.70249925, 52.674999, 52.279998500000005, 52.532500500000005
51.152501, 52.52499974999999, 52.70249925, 52.674999, 52.279998500000005, 52.532500500000005, 52.607500249999994
52.52499974999999, 52.70249925, 52.674999, 52.279998500000005, 52.532500500000005, 52.607500249999994, 54.102500000000006
52.70249925, 52.674999, 52.279998500000005, 52.532500500000005, 52.607500249999994, 54.102500000000006, 54.97749974999999
52.674999, 52.279998500000005, 52.532500500000005, 52.607500249999994, 54.102500000000006, 54.97749974999999, 54.32749925
