(14391917,62)
(29380215,57)
(21057272,48)
(31634255,43)
(18008623,40)
(69549978,40)
(16137071,40)
(38317785,40)
(38029213,40)
(37980551,40)
(74885326,40)
(14185671,40)
(14615328,40)
(71288166,40)
(71013316,40)
(18317058,40)
(15387839,40)
(23513021,40)
(21975447,40)
(47786224,40)
(31565874,40)
(13134572,40)
(40316096,40)
(30031714,40)
(35643689,40)
(20098206,40)
(28232111,40)
(15709282,40)
(24321605,40)
(27984761,40)
(25955967,40)
(42698622,40)
(15017215,40)
(46895025,40)
(17006396,40)
(46061366,40)
(30115934,40)
(9064032,40)
(16218208,40)
(14328083,40)
(28675289,40)
(842291,40)
(46817420,40)
(19751480,40)
(67416411,40)
(69706891,40)
(71006248,40)
(29913149,40)
(55218049,40)
(38452587,40)
(15819292,40)
(25974004,40)
(37153044,40)
(14529963,40)
(32576777,40)
(73180419,40)
(10168942,40)
(62680205,40)
(24187243,40)
(21931670,40)
(20353613,40)
(35691932,40)
(22069152,40)
(25546214,40)
(62622443,40)
(22474910,40)
(19046392,40)
(14262772,40)
(12002212,40)
(19237927,40)
(19753036,40)
(69316495,40)
(55667750,40)
(22330519,40)
(23795635,40)
(17938976,40)
(52950631,40)
(16452333,40)
(15305347,40)
(20059279,40)
(25442631,40)
(28017403,40)
(17597485,40)
(37876312,40)
(26177528,40)
(19254838,40)
(20196046,40)
(41569607,40)
(23803265,40)
(59232549,40)
(35543599,40)
(27463408,40)
(54082260,40)
(28668761,40)
(16207826,40)
(15672036,40)
(18640595,40)
(45457618,40)
(12237152,40)
(25944664,40)
(66405948,40)
(42304354,40)
(65264189,40)
(23898963,40)
(14370819,40)
(14076329,40)
(14193133,40)
(15080813,40)
(22828139,40)
(14149937,40)
(17627344,40)
(58696552,40)
(30553375,40)
(16751105,40)
(16319801,40)
(48166717,40)
(66224716,40)
(17401708,40)
(46135750,40)
(12811572,40)
(17586386,40)
(15185566,40)
(22446867,40)
(57532530,40)
(52576027,40)
(9046942,40)
(9256422,40)
(66933884,40)
(18894768,40)
(19689815,40)
(21777511,40)
(19563237,40)
(30552652,40)
(53266479,40)
(35207473,40)
(14365987,40)
(40528625,40)
(42300737,40)
(34994650,40)
(61317171,40)
(20539531,40)
(42285201,40)
(40424485,40)
(19962819,40)
(26180577,40)
(18812453,40)
(10162772,40)
(19131269,40)
(12146352,40)
(21800358,40)
(43793782,40)
(16642973,38)
(16350349,38)
(15635758,38)
(22959589,38)
(21422438,38)
(59814196,38)
(57764156,38)
(25688663,36)
(33103487,36)
(18790067,36)
(69947217,36)
(23314049,36)
(56900729,36)
(23714164,36)
(38773605,36)
(16882866,36)
(64736112,36)
(23376171,36)
(16608612,36)
(14416404,36)
(42516095,34)
(55635786,34)
(8292752,34)
(14652452,34)
(38609821,34)
(20084059,34)
(18731877,34)
(20961788,34)
(17918663,32)
(27476172,32)
(23468465,32)
(24251450,32)
(24001163,32)
(23006082,32)
(36988797,32)
(19508361,30)
(26961480,30)
(42930407,30)
(15972180,30)
(17552077,30)
(18071933,30)
(15654267,30)
(36808585,28)
(44464186,28)
(27091370,28)
(39035301,28)
(18603472,28)
(14846698,28)
(21920573,28)
(10335262,27)
(37456691,26)
(26164868,26)
(26582257,26)
(44835115,25)
(22258340,24)
(18183641,24)
(22117405,24)
(64266672,24)
(16555297,24)
(14977670,24)
(59701520,24)
(16662566,24)
(18941347,24)
(20190311,24)
(14741886,24)
(68785654,24)
(15657528,24)
(43111462,24)
(71281850,22)
(44557997,22)
(25629019,22)
(52613032,22)
(18338831,22)
(20216863,22)
(29205041,22)
(66613910,20)
(36206534,20)
(16049087,20)
(66714783,20)
(33449408,20)
(14129677,20)
(21625491,20)
(64266980,20)
(16328263,20)
(75292339,20)
(7382632,20)
(18567853,20)
(18743743,20)
(23178508,20)
(52706200,20)
(75698452,20)
(23641850,20)
(23920327,20)
(23363025,20)
(5475492,20)
(26883806,20)
(6942722,20)
(47543155,20)
(64344824,20)
(31051626,20)
(15698351,20)
(59144069,20)
(24307112,20)
(18948268,20)
(66476955,20)
(68477330,20)
(23440723,20)
(20574927,20)
(4050431,20)
(40963525,20)
(68460337,20)
(11114042,20)
(22413731,20)
(14354068,20)
(19794518,20)
(21170409,20)
(25088613,20)
(27816413,20)
(64339645,20)
(33599368,20)
(33905926,20)
(19570757,20)
(57428677,20)
(32172594,20)
(16878824,20)
(36191345,20)
(75620731,20)
(14719225,20)
(24424027,20)
(15170390,20)
(19417071,20)
(21347019,20)
(19050849,20)
(65940735,20)
(26710546,20)
(62972646,20)
(21988702,20)
(17824709,20)
(14577939,20)
(14424667,20)
(17429457,20)
(22725732,20)
(28428816,20)
(22861584,20)
(48092743,20)
(16166382,20)
(22048233,20)
(20787963,20)
(15666545,20)
(15578929,20)
(17326793,20)
(28282638,20)
(34704238,20)
(74649406,20)
(29122721,20)
(20012340,20)
(15759202,20)
(55918983,20)
(25012922,20)
(17958263,20)
(60954282,20)
(15309999,20)
(21782457,20)
(22057949,20)
(15386145,20)
(29655202,20)
(5979722,20)
(21971131,20)
(46908882,20)
(14689557,20)
(36523997,20)
(66611339,20)
(21628069,20)
(20965126,20)
(51983451,20)
(71433083,20)
(35174637,20)
(19263724,20)
(21810908,20)
(34182484,20)
(15642702,20)
(16636071,20)
(3100031,20)
(50752335,20)
(23102744,20)
(66613035,20)
(14818333,20)
(21436506,20)
(54522879,20)
(19887325,20)
(21668321,20)
(58336541,20)
(66611952,20)
(33820388,20)
(62392956,20)
(24251088,20)
(45747659,20)
(11922222,20)
(23168818,20)
(20089700,20)
(67381074,20)
(45966787,20)
(70988552,20)
(7959792,20)
(26364725,20)
(33946296,20)
(18780266,20)
(17869819,20)
(31149395,20)
(19692605,20)
(29830817,20)
(18472970,20)
(20167862,20)
(16933383,20)
(74473493,20)
(14585409,20)
(18067420,20)
(16696247,20)
(48895600,20)
(35095584,20)
(30164653,20)
(25839619,20)
(15225244,20)
(43731390,20)
(57771348,20)
(41980207,20)
(5446022,20)
(56359149,20)
(18008196,20)
(39532391,20)
(19911852,20)
(66479325,20)
(64338912,20)
(17907003,20)
(54959447,20)
(51775666,20)
(26948597,20)
(24212955,20)
(60960404,20)
(23885944,20)
(74648748,20)
(50013917,20)
(17203566,20)
(41665249,20)
(9352982,20)
(38721958,20)
(30247686,20)
(29603471,20)
(34601665,20)
(71350796,20)
(63329349,20)
(17797998,20)
(806697,20)
(46444802,20)
(28442215,20)
(66612455,20)
(17826801,20)
(19671779,20)
(35678294,20)
(23034315,20)
(25354915,20)
(60957628,20)
(19418395,20)
(18775305,20)
(23517078,20)
(36443602,20)
(20694265,20)
(16504049,20)
(54970824,20)
(56321197,20)
(64958990,20)
(38979655,20)
(68304584,20)
(16488893,20)
(14305575,20)
(56429937,20)
(24851868,20)
(26150664,20)
(23695028,20)
(73200201,20)
(24862949,20)
(30590888,20)
(58416255,20)
(26827947,20)
(25033504,20)
(22392014,20)
(60807681,20)
(33649157,20)
(46491336,20)
(20549026,20)
(74596914,20)
(31203692,20)
(56852935,20)
(18459507,20)
(71286717,20)
(14277365,20)
(14410033,20)
(73148157,20)
(67775510,20)
(55963709,20)
(35365204,20)
(28654732,20)
(34538187,20)
(22402298,20)
(18484709,20)
(64085433,20)
(17842415,20)
(23780831,20)
(17933880,20)
(14629540,20)
(60506053,20)
(26904901,20)
(24495763,20)
(36105677,20)
(67806984,20)
(21176498,20)
(66726983,20)
(19134005,20)
(53789811,20)
(18181620,20)
(63912529,20)
(16190489,20)
(30426304,20)
(60728071,20)
(13274142,20)
(16482445,20)
(20797800,20)
(16412610,20)
(33332404,20)
(15787735,20)
(22336987,20)
(15510639,20)
(19137804,20)
(17034486,20)
(37248723,20)
(41716461,20)
(43973637,20)
(12663352,20)
(44313886,20)
(19683560,20)
(17957089,20)
(36125265,20)
(64534079,20)
(61695228,20)
(24494310,20)
(15294801,20)
(9500462,20)
(73479113,20)
(21116276,20)
(38932766,20)
(17343124,20)
(25704270,20)
(63302035,20)
(15709438,20)
(58610630,20)
(58560904,20)
(19570909,20)
(59246306,20)
(22910722,20)
(51774354,20)
(17571460,20)
(30081094,20)
(23873871,20)
(65807247,20)
(15843918,20)
(65977121,20)
(63384918,20)
(212913,20)
(38608034,20)
(43995265,20)
(26324507,20)
(35970088,20)
(64338408,20)
(16430455,20)
(16059033,20)
(31610638,20)
(22931870,20)
(16122121,20)
(16432162,20)
(19361438,20)
(73445315,20)
(54455042,20)
(1007041,20)
(24447493,20)
(62938520,20)
(62424102,20)
(17207004,20)
(38913093,20)
(56166289,20)
(24201126,20)
(56581451,20)
(20755072,20)
(36783196,20)
(22457075,20)
(15657647,20)
(66701911,20)
(15674094,20)
(17324801,20)
(21813988,20)
(24148791,20)
(14357456,20)
(24775496,20)
(33428418,20)
(40112126,20)
(21251417,20)
(25467243,20)
(64337180,20)
(66767860,20)
(18211005,20)
(64340692,20)
(20351216,20)
(15576369,20)
(65189520,20)
(18470070,20)
(29618555,20)
(12944952,20)
(67288194,20)
(40444403,20)
(37457077,20)
(66720149,20)
(66478045,20)
(21839308,20)
(43654924,20)
(36124505,20)
(35628492,20)
(21727051,20)
(15496696,20)
(29941589,20)
(64337804,20)
(29473420,20)
(31175629,20)
(14707784,20)
(7119702,20)
(73435866,20)
(73502482,20)
(19640974,20)
(15053754,20)
(984851,20)
(39291662,20)
(57183308,20)
(6266482,20)
(25045969,20)
(12914702,20)
(22092544,20)
(23387888,20)
(39149370,20)
(27792033,20)
(15130854,20)
(16284872,20)
(74792195,20)
(20961790,20)
(17892653,20)
(29485143,20)
(73328412,20)
(26334250,20)
(14348141,20)
(71146071,20)
(38095773,20)
(19365120,20)
(17554049,19)
(33336147,19)
(67457092,19)
(32477981,19)
(22898704,19)
(65805552,19)
(16199142,19)
(19698922,19)
(23958530,19)
(42373440,19)
(24562269,19)
(15272560,19)
(21449046,19)
(18730107,19)
(30492203,19)
(46572058,19)
(18860401,19)
(30726907,19)
(26943391,19)
(67673589,19)
(53148674,19)
(38952393,19)
(22222325,19)
(61142545,19)
(14264410,19)
(18405605,19)
(64569307,19)
(3291841,18)
(41652749,18)
(14111100,18)
(22557751,18)
(26910839,18)
(18345718,18)
(19463109,18)
(27767091,18)
(16717717,18)
(33983338,18)
(20386374,18)
(42291003,18)
(17077389,18)
(16045919,18)
(26556221,18)
(24403061,18)
(18932901,18)
(19956779,18)
(66142438,18)
(53307676,18)
(40319584,18)
(15314371,18)
(40684983,18)
(15842079,18)
(16679666,18)
(2332831,18)
(10221272,18)
(39367215,18)
(22579874,18)
(28731194,18)
(47217123,18)
(22892452,18)
(65492891,18)
(73302346,18)
(27162499,18)
(36154143,18)
(38551656,18)
(15603550,18)
(24981416,17)
(27798854,17)
(22337549,17)
(72481428,17)
(3468981,17)
(55481195,17)
(19513949,17)
(24843228,17)
(14802008,17)
(19168039,17)
(15587001,17)
(36324668,17)
(26169828,17)
(33120104,17)
(29296415,17)
(17219815,17)
(19137241,17)
(19805586,17)
(32013434,17)
(16116606,17)
(5762912,17)
(19103902,17)
(22576201,17)
(61427973,17)
(17259725,17)
(23569576,17)
(38480840,17)
(25558182,17)
(14401108,16)
(50781593,16)
(21034460,16)
(47732575,16)
(9547822,16)
(26094569,16)
(16036279,16)
(71653935,16)
(24631646,16)
(14194436,16)
(16602943,16)
(25014427,16)
(15160177,16)
(26706689,16)
(66703484,16)
(22726661,16)
(14185883,16)
(7579332,16)
(15653520,16)
(60115297,16)
(13175682,16)
(14090989,16)
(17714759,16)
(10452382,16)
(14394526,16)
(14871516,16)
(17162087,16)
(15897404,16)
(14551010,16)
(32724831,16)
(38550286,16)
(34439572,16)
(42825446,16)
(60225749,16)
(18497086,16)
(63267468,16)
(27835933,16)
(22703888,16)
(36007169,16)
(21686618,16)
(65352607,16)
(35151989,16)
(40634150,16)
(36771253,16)
(68210174,16)
(51659495,16)
(36555559,16)
(27365673,16)
(18847811,16)
(69300015,16)
(26547031,16)
(24345922,15)
(19087826,15)
(72658131,15)
(69529222,15)
(26449373,15)
(23322711,15)
(68798994,15)
(18066337,15)
(16902654,15)
(34978152,15)
(35050354,15)
(56870182,15)
(72351647,15)
(30062142,15)
(11615822,15)
(39151521,15)
(39808170,15)
(7437232,15)
(14227227,15)
(19552200,15)
(22073141,15)
(24828654,15)
(14904666,15)
(15165557,15)
(23187424,15)
(14318736,15)
(18227298,15)
(14296539,14)
(65301920,14)
(14503244,14)
(49567959,14)
(64934511,14)
(27386175,14)
(20127468,14)
(32275278,14)
(14735581,14)
(22130354,14)
(9167972,14)
(5687132,14)
(71127095,14)
(21563427,14)
(22548999,14)
(35811205,14)
(43595644,14)
(16038575,14)
(14581303,14)
(46470839,14)
(3441231,14)
(19897005,14)
(38000527,14)
(24920240,14)
(14253716,14)
(2483,14)
(18931068,14)
(5845242,14)
(14596823,14)
(33048193,14)
(10121352,14)
(38950120,14)
(15399592,14)
(30356686,14)
(14429534,14)
(55944417,14)
(41454323,14)
(23818094,14)
(18323111,14)
(16584398,14)
(15153723,14)
(16536762,14)
(36685953,14)
(17919256,14)
(18043187,14)
(15594967,14)
(75187907,14)
(36596173,14)
(46528511,14)
(17398731,14)
(15833917,14)
(29861578,14)
(19733342,14)
(19415952,14)
(17595795,14)
(14057705,14)
(40387610,14)
(32769750,13)
(74276953,13)
(17863627,13)
(20941271,13)
(44676321,13)
(22965261,13)
(19381818,13)
(16253848,13)
(20031632,13)
(3249251,13)
(15712320,13)
(37750164,13)
(21926655,13)
(44499521,13)
(65577007,13)
(20464528,13)
(18177235,13)
(24548371,13)
(32214502,13)
(26442004,13)
(15671198,13)
(16670920,13)
(41999021,13)
(72867727,13)
(24664726,13)
(26930355,13)
(75524056,13)
(26597562,13)
(16118721,13)
(20203463,13)
(11154762,13)
(19267390,13)
(27949768,13)
(8039072,13)
(39208495,13)
(24254832,13)
(18638671,13)
(38930264,13)
(2591071,13)
(30188137,13)
(32216522,12)
(54159463,12)
(20221876,12)
(41208951,12)
(16952837,12)
(14106550,12)
(27767684,12)
(15739994,12)
(46427343,12)
(34708778,12)
(60625681,12)
(40802115,12)
(19806179,12)
(24407416,12)
(7168652,12)
(11365562,12)
(45688599,12)
(14994418,12)
(24658574,12)
(19871320,12)
(5044451,12)
(56626185,12)
(70898580,12)
(57079653,12)
(46839066,12)
(18963070,12)
(21937305,12)
(12277352,12)
(28048291,12)
(20045799,12)
(35463856,12)
(16171342,12)
(41140910,12)
(42719624,12)
(37156669,12)
(15252019,12)
(19102883,12)
(53452362,12)
(66807399,12)
(26117205,12)
(17997104,12)
(26100500,12)
(18643923,12)
(15655836,12)
(52885028,12)
(10721212,12)
(21308892,12)
(7379072,12)
(21180952,12)
(15007575,12)
(34663865,12)
(52845829,12)
(17856595,12)
(44015087,12)
(18102740,12)
(52811815,12)
(51311731,12)
(21468342,12)
(33145784,12)
(68596035,12)
(45452243,12)
(23540051,12)
(20129380,12)
(68160870,12)
(21427151,12)
(19414284,12)
(32987949,11)
(16324838,11)
(21984516,11)
(21382336,11)
(19556044,11)
(25036248,11)
(21607517,11)
(22114879,11)
(15388795,11)
(762204,11)
(61931205,11)
(14382311,11)
(57856723,11)
(19473897,11)
(20867702,11)
(24333012,11)
(49497802,11)
(22735806,11)
(68030833,11)
(17910893,11)
(13606642,11)
(34016154,11)
(17266673,11)
(20256469,11)
(24127380,11)
(39406454,11)
(20694467,11)
(15078559,11)
(35995375,11)
(15013985,11)
(36952401,11)
(64578128,11)
(28070049,11)
(59815991,11)
(38235974,11)
(74373026,11)
(25458052,11)
(45601517,11)
(15485242,11)
(73019724,11)
(19665052,11)
(9768492,11)
(5032021,11)
(33094560,11)
(19224506,11)
(16716257,11)
(15401510,11)
(15150693,11)
(72414281,11)
(27257484,11)
(24732534,11)
(14075392,11)
(14748615,11)
(33189321,11)
(20359279,11)
(33314164,11)
(21114756,11)
(26703186,11)
(18665754,11)
(74267257,10)
(19221181,10)
(18513586,10)
(22468440,10)
(66825166,10)
(16597773,10)
(19122744,10)
(15594407,10)
(62067396,10)
(61845696,10)
(30165523,10)
(65039639,10)
(16890330,10)
(18405034,10)
(29651197,10)
(24234341,10)
(23274442,10)
(61682333,10)
(14765605,10)
(22863306,10)
(13407732,10)
(27675842,10)
(15160117,10)
(75073884,10)
(37035037,10)
(72208158,10)
(27470310,10)
(68325259,10)
(15429067,10)
(24265574,10)
(29260080,10)
(66950281,10)
(18239707,10)
(60412899,10)
(26284863,10)
(14399922,10)
(28203510,10)
(50801995,10)
(21276030,10)
(49743410,10)
(14300557,10)
(74550160,10)
(37476788,10)
(65134800,10)
(19948030,10)
(30991884,10)
(18623817,10)
(35532958,10)
(24570577,10)
(18141003,10)
(44479033,10)
(14497469,10)
(37256602,10)
(25783102,10)
(26878236,10)
(45232745,10)
(58508184,10)
(28742870,10)
(30978196,10)
(48842533,10)
(22741750,10)
(49147420,10)
(64962756,10)
(9858752,10)
(61060587,10)
(70574241,10)
(67862609,10)
(35540619,10)
(70749374,10)
(52806914,10)
(37825983,9)
(69425014,9)
(22550691,9)
(74667592,9)
(20127060,9)
(55398406,9)
(69182454,9)
(64293309,9)
(59348749,9)
(21968591,9)
(37953113,9)
(43220761,9)
(18441863,9)
(14993613,9)
(66708956,9)
(16974239,9)
(35420658,9)
(20838759,9)
(38464788,9)
(40678250,9)
(18812947,9)
(17349975,9)
(29458647,9)
(20480668,9)
(16874037,9)
(59007991,9)
(22550358,9)
(14748680,9)
(26380492,9)
(34159730,9)
(22667529,9)
(19062367,9)
(21448842,9)
(16066877,9)
(63792578,9)
(15035095,9)
(18746074,9)
(21645949,9)
(22716731,9)
(17087840,9)
(43580753,9)
(16415603,9)
(27827519,9)
(36236949,9)
(16181228,9)
(30810998,9)
(67207140,9)
(56949170,9)
(31598374,9)
(28494277,9)
(56863127,9)
(9900882,9)
(40160565,9)
(21315701,9)
(26374246,9)
(17245815,9)
(22812993,9)
(54116600,9)
(36908606,9)
(57746518,9)
(15669188,9)
(74968235,9)
(17800106,9)
(48033419,9)
(45936189,9)
(6065682,8)
(14758091,8)
(24649573,8)
(15081737,8)
(22801309,8)
(25200148,8)
(14116305,8)
(29629916,8)
(22075600,8)
(23721719,8)
(28037631,8)
(75728727,8)
(55077444,8)
(27800712,8)
(17873937,8)
(54836313,8)
(16961421,8)
(57902562,8)
(25873628,8)
(43071176,8)
(33130921,8)
(8986702,8)
(42909742,8)
(13119862,8)
(64273021,8)
(74656043,8)
(35528483,8)
(30971612,8)
(15575408,8)
(16954838,8)
(31353077,8)
(17860806,8)
(14766418,8)
(7861622,8)
(20493821,8)
(67741245,8)
(20556564,8)
(31277826,8)
(23327961,8)
(43473214,8)
(55972694,8)
(16131714,8)
(30983771,8)
(41717904,8)
(74823713,8)
(21341029,8)
(25293325,8)
(47234256,8)
(48466870,8)
(15880501,8)
(7377702,8)
(25792464,8)
(16584932,8)
(14305399,8)
(21091954,8)
(38586868,8)
(18300176,8)
(64393,8)
(16428438,8)
(19434266,8)
(56266622,8)
(73134049,8)
(70748565,8)
(23915051,8)
(15187351,8)
(38713386,8)
(15136819,8)
(15921499,8)
(64554571,8)
(17831359,8)
(12671862,8)
(32815893,8)
(15422830,8)
(45451409,8)
(34000178,8)
(15484809,8)
(14111373,8)
(23368178,8)
(75651087,8)
(889431,8)
(40107120,8)
(23460070,8)
(30045479,7)
(17003705,7)
(13541422,7)
(15615817,7)
(42574381,7)
(60967276,7)
(60020303,7)
(42589133,7)
(23023236,7)
(34064493,7)
(36520803,7)
(40330362,7)
(72229085,7)
(16315101,7)
(41080004,7)
(14240351,7)
(33073858,7)
(17504717,7)
(23912873,7)
(41324404,7)
(11595422,7)
(31062172,7)
(19308184,7)
(53263011,7)
(20928736,7)
(66713693,7)
(22237274,7)
(37470009,7)
(14651479,7)
(24786985,7)
(31516265,7)
(65411423,7)
(35765624,7)
(11339092,7)
(21765335,7)
(49899041,7)
(72620457,7)
(72795305,7)
(34368385,7)
(17852302,7)
(48885987,7)
(15195198,7)
(30260848,7)
(72550130,7)
(65993723,7)
(18930782,7)
(6210462,7)
(47738073,7)
(16409467,7)
(46018723,7)
(26189301,7)
(30902105,7)
(23889412,7)
(15144740,7)
(28214924,7)
(15871911,7)
(23331954,7)
(18303361,7)
(24124675,7)
(67527828,7)
(56887696,7)
(31489366,7)
(51308640,7)
(19867922,7)
(25124479,7)
(39924290,7)
(24272975,7)
(70911938,7)
(75070825,7)
(68904673,7)
(58171733,7)
(16452920,7)
(43664739,7)
(67637376,7)
(24491552,7)
(66352201,7)
(27095933,7)
(24076242,7)
(14212256,7)
(16552465,7)
(44277806,7)
(61273568,6)
(21530834,6)
(51150965,6)
(61338329,6)
(19939206,6)
(43006980,6)
(18125189,6)
(22495024,6)
(9427202,6)
(30516960,6)
(62831256,6)
(44711731,6)
(19879126,6)
(44859513,6)
(17540884,6)
(74872146,6)
(7198022,6)
(35400653,6)
(17397786,6)
(63909425,6)
(8570172,6)
(16982368,6)
(26375576,6)
(21613968,6)
(16243471,6)
(15905857,6)
(18637160,6)
(19335125,6)
(16337290,6)
(26450539,6)
(34097876,6)
(38091481,6)
(5519212,6)
(17761319,6)
(18232781,6)
(28742972,6)
(19955362,6)
(38538142,6)
(40337575,6)
(17831677,6)
(17224576,6)
(45294219,6)
(18311307,6)
(60988829,6)
(75111530,6)
(25187991,6)
(21584178,6)
(17378232,6)
(19872117,6)
(17859589,6)
(41305021,6)
(18950402,6)
(24001052,6)
(28830707,6)
(71087653,6)
(55788647,6)
(12958492,6)
(46594688,6)
(59184421,6)
(26604904,6)
(19525414,6)
(21410647,6)
(19059195,6)
(42553265,6)
(18558192,6)
(20288792,6)
(17673938,6)
(15564252,6)
(30974544,6)
(27352474,6)
(9164302,6)
(66074182,6)
(43029650,6)
(32649697,6)
(23358756,6)
(36761916,6)
(50201107,6)
(25192689,6)
(24218674,6)
(38803771,6)
(14188497,6)
(14680585,6)
(17301803,6)
(18136274,6)
(34561495,6)
(33003834,6)
(33280575,6)
(20004168,6)
(16455120,6)
(19997568,6)
(14559108,6)
(28648463,6)
(15064764,6)
(18755337,6)
(22237062,6)
(20335149,6)
(41040863,6)
(60125670,6)
(17918909,6)
(51986396,6)
(24332828,6)
(46321100,6)
(14586946,6)
(41931493,6)
(23529771,6)
(9449792,6)
(12395172,6)
(24994898,6)
(19131837,6)
(28833010,6)
(17889479,5)
(63611781,5)
(44861171,5)
(15282695,5)
(25405690,5)
(16366581,5)
(46939702,5)
(31638993,5)
(60085637,5)
(28431303,5)
(19214023,5)
(21050875,5)
(12999312,5)
(16034300,5)
(20859562,5)
(53538429,5)
(33254708,5)
(8349732,5)
(20254479,5)
(37734074,5)
(23881241,5)
(20815802,5)
(65857271,5)
(34011379,5)
(17032558,5)
(29127993,5)
(26699484,5)
(66897665,5)
(72970299,5)
(30768786,5)
(8956332,5)
(22091930,5)
(33596598,5)
(15121520,5)
(66249927,5)
(19314650,5)
(73871348,5)
(50378873,5)
(15910272,5)
(66000474,5)
(19433859,5)
(33748567,5)
(19458118,5)
(60144769,5)
(65479475,5)
(19702906,5)
(64642127,5)
(19415864,5)
(18998623,5)
(20197563,5)
(15201037,5)
(2341481,5)
(24809286,5)
(65094773,5)
(19204328,5)
(21034546,5)
(24911337,5)
(30799430,5)
(15651811,5)
(28455688,5)
(40588719,5)
(48272987,5)
(62978456,5)
(74374115,5)
(17859981,5)
(17986315,5)
(27157751,5)
(32517214,5)
(31319909,5)
(40939777,5)
(59732102,5)
(26964557,5)
(18039189,5)
(16818762,5)
(35913354,5)
(10324402,5)
(9630822,5)
(71049844,5)
(32204550,5)
(28165466,5)
(26379899,5)
(54938862,5)
(16654866,5)
(24083300,5)
(16741048,5)
(20812866,5)
(20647262,5)
(22353217,5)
(15743546,5)
(45446833,5)
(40966469,5)
(30070535,5)
(26652321,5)
(41719958,5)
(28610129,5)
(60754551,5)
(27379277,5)
(17010974,5)
(38613642,5)
(14296153,5)
(48556086,5)
(21121245,5)
(68790757,5)
(38618529,5)
(69189770,5)
(58901872,5)
(11380112,5)
(18221939,5)
(19307074,5)
(27544044,5)
(41472977,5)
(18004553,5)
(23181333,5)
(24195564,5)
(24835275,5)
(9201162,5)
(18176551,5)
(21681591,5)
(22067198,5)
(23531319,5)
(15753681,5)
(74296525,5)
(19796753,5)
(27254972,5)
(31233450,5)
(29510055,5)
(17397564,5)
(41282683,5)
(50713627,4)
(26952261,4)
(24416316,4)
(21234391,4)
(73822033,4)
(23911778,4)
(8822732,4)
(53728845,4)
(17998052,4)
(57266089,4)
(14325170,4)
(32774740,4)
(53919756,4)
(28878571,4)
(28507008,4)
(19435547,4)
(18175220,4)
(39808810,4)
(23792280,4)
(22154062,4)
(17283120,4)
(24493609,4)
(15962096,4)
(72663923,4)
(14840869,4)
(24633940,4)
(34330652,4)
(14501730,4)
(31086826,4)
(25736081,4)
(59394663,4)
(14822726,4)
(68907284,4)
(23172332,4)
(30594711,4)
(29148771,4)
(46744523,4)
(38596996,4)
(18504255,4)
(56817071,4)
(44635560,4)
(23033031,4)
(71113932,4)
(671303,4)
(10728702,4)
(68336121,4)
(32622836,4)
(13066682,4)
(23599540,4)
(17945218,4)
(23913748,4)
(16409683,4)
(12712912,4)
(22430384,4)
(37600169,4)
(70224046,4)
(66249680,4)
(23834272,4)
(18001985,4)
(26089319,4)
(61562503,4)
(57824505,4)
(15496725,4)
(51534754,4)
(43397824,4)
(16515385,4)
(74307395,4)
(29413628,4)
(21465948,4)
(33700148,4)
(17162524,4)
(20791292,4)
(75484316,4)
(23983293,4)
(20467328,4)
(24326808,4)
(9275742,4)
(67474550,4)
(21256601,4)
(21996778,4)
(57065627,4)
(72396608,4)
(56036326,4)
(32953183,4)
(45733721,4)
(36202442,4)
(26058447,4)
(22569229,4)
(71273952,4)
(51365272,4)
(24582765,4)
(24210847,4)
(35290587,4)
(69670677,4)
(14329898,4)
(28758553,4)
(17917478,4)
(32637053,4)
(36299262,4)
(14771220,4)
(34862549,4)
(15637841,4)
(15249156,4)
(17375341,4)
(37734469,4)
(17006007,4)
(30059550,4)
(47414546,4)
(17396190,4)
(26291987,4)
(18347653,4)
(75630020,4)
(67512068,4)
(17931137,4)
(61043269,4)
(16244864,4)
(35370034,4)
(15128710,4)
(28441910,4)
(26213831,4)
(21211025,4)
(16344300,4)
(14464518,4)
(33416041,4)
(24612101,4)
(14531446,4)
(26916582,4)
(26288880,4)
(5961432,4)
(31245020,4)
(62430569,4)
(41141120,4)
(15878470,4)
(36772144,4)
(22000337,4)
(22578727,4)
(63114188,4)
(43940250,4)
(40158755,4)
(27467015,4)
(27289821,4)
(27831902,4)
(30348776,4)
(14272454,4)
(27097486,4)
(18112995,4)
(39198504,4)
(53590180,4)
(52492685,4)
(27484208,4)
(20401825,4)
(24828203,4)
(20174611,4)
(22216725,4)
(17919269,4)
(21148144,4)
(35111608,4)
(15423869,4)
(26083832,4)
(23128386,4)
(29775906,4)
(8383522,4)
(23814526,4)
(22366541,3)
(8014572,3)
(5995782,3)
(17585296,3)
(24852546,3)
(50610938,3)
(21468608,3)
(15227791,3)
(13271622,3)
(49168397,3)
(19759477,3)
(42672238,3)
(7539302,3)
(25927973,3)
(14278843,3)
(18987287,3)
(2026,3)
(21169745,3)
(30920049,3)
(16154373,3)
(16383250,3)
(14667411,3)
(19993485,3)
(69964697,3)
(46254056,3)
(36592304,3)
(8740272,3)
(20776190,3)
(33590956,3)
(65695805,3)
(21384001,3)
(7282002,3)
(68813436,3)
(23881287,3)
(17878505,3)
(75114301,3)
(15109215,3)
(7106482,3)
(24917821,3)
(16888904,3)
(24286351,3)
(40076652,3)
(38637628,3)
(26101829,3)
(49688594,3)
(29879795,3)
(15575251,3)
(39823506,3)
(17086900,3)
(33173672,3)
(25356778,3)
(31956599,3)
(14660391,3)
(36873142,3)
(15819143,3)
(23136007,3)
(32695751,3)
(45056514,3)
(57477710,3)
(47481631,3)
(67131261,3)
(24785307,3)
(25266955,3)
(15176352,3)
(63198665,3)
(29398925,3)
(21154700,3)
(47927456,3)
(17215732,3)
(57564296,3)
(18708069,3)
(27096682,3)
(24266534,3)
(44175627,3)
(73339227,3)
(10777032,3)
(62953399,3)
(15495345,3)
(19998945,3)
(9984332,3)
(38555899,3)
(18301663,3)
(71609809,3)
(28129930,3)
(49050950,3)
(5800582,3)
(14605629,3)
(67063629,3)
(18160378,3)
(23620437,3)
(20959144,3)
(14339074,3)
(39394913,3)
(15728564,3)
(15123683,3)
(21819815,3)
(65740639,3)
(15362015,3)
(32209237,3)
(42727222,3)
(22179835,3)
(8597052,3)
(44272092,3)
(21549402,3)
(24005559,3)
(47219026,3)
(24211474,3)
(63154372,3)
(26365224,3)
(18825961,3)
(35703387,3)
(25931029,3)
(26346312,3)
(25211499,3)
(18893080,3)
(69409165,3)
(14296323,3)
(36132617,3)
(30053975,3)
(15952104,3)
(15126410,3)
(14518934,3)
(37774697,3)
(24938197,3)
(30971482,3)
(22673877,3)
(48718986,3)
(52612669,3)
(17005214,3)
(19428145,3)
(35566194,3)
(16079300,3)
(73019586,3)
(16961813,3)
(18684459,3)
(14938233,3)
(20740327,3)
(41905256,3)
(24678896,3)
(47417038,3)
(18908240,3)
(75129857,3)
(22723742,3)
(9887762,3)
(30902350,3)
(35084785,3)
(22364021,3)
(22490401,3)
(70519062,3)
(22844178,3)
(46284762,3)
(16103807,3)
(28380757,3)
(19137862,3)
(38864592,3)
(25094770,3)
(16959793,3)
(69617801,3)
(35934245,3)
(28613875,3)
(19731312,3)
(22293700,3)
(14842252,3)
(40078703,3)
(26170615,3)
(14427010,3)
(23985335,3)
(17476914,3)
(19957845,3)
(49103492,3)
(48793458,3)
(24056873,3)
(13567332,2)
(60697262,2)
(27128952,2)
(20692112,2)
(21935122,2)
(15638197,2)
(20104965,2)
(22323543,2)
(17358750,2)
(72718646,2)
(15235689,2)
(17831080,2)
(24045060,2)
(20914671,2)
(11611942,2)
(22811839,2)
(18986899,2)
(6815142,2)
(23538506,2)
(38344184,2)
(43015924,2)
(16583672,2)
(37142945,2)
(56631533,2)
(74773094,2)
(22108665,2)
(61031027,2)
(47810313,2)
(49077908,2)
(14065774,2)
(15888079,2)
(21786246,2)
(44695187,2)
(24816544,2)
(33318438,2)
(18746139,2)
(17831212,2)
(73291917,2)
(30370128,2)
(28195996,2)
(20343104,2)
(22598448,2)
(20272468,2)
(42825369,2)
(46087154,2)
(58550640,2)
(49764903,2)
(7494552,2)
(62971899,2)
(22947756,2)
(27210200,2)
(36224599,2)
(14999119,2)
(63996123,2)
(14129585,2)
(42677771,2)
(16227628,2)
(46273184,2)
(19692018,2)
(11039532,2)
(43481280,2)
(42594310,2)
(17654192,2)
(17713668,2)
(40356563,2)
(61714814,2)
(24790283,2)
(22072439,2)
(7781002,2)
(30107143,2)
(28436631,2)
(33998087,2)
(55395811,2)
(68632380,2)
(70754903,2)
(26798547,2)
(22854615,2)
(19783207,2)
(18714466,2)
(20268562,2)
(63816907,2)
(15521918,2)
(72769666,2)
(28835844,2)
(15554042,2)
(22635709,2)
(48111419,2)
(39447979,2)
(20318194,2)
(49743379,2)
(14744137,2)
(32069867,2)
(28029641,2)
(18886267,2)
(46725970,2)
(42474547,2)
(16871092,2)
(38941984,2)
(63290331,2)
(32643650,2)
(21449985,2)
(61069788,2)
(38713956,2)
(60022490,2)
(73013273,2)
(39668197,2)
(74852926,2)
(17901206,2)
(7428362,2)
(40813093,2)
(58295819,2)
(16489986,2)
(74406252,2)
(17225211,2)
(14947085,2)
(18133405,2)
(4883621,2)
(73520884,2)
(15451591,2)
(24852110,2)
(44272923,2)
(11967932,2)
(43592823,2)
(23677749,2)
(39188387,2)
(15556325,2)
(20319989,2)
(15991355,2)
(16477547,2)
(38615347,2)
(29241593,2)
(33460405,2)
(23998497,2)
(44802230,2)
(69730030,2)
(55078431,2)
(16146465,2)
(28669612,2)
(56169540,2)
(68345284,2)
(30976593,2)
(42247423,2)
(32658205,2)
(71303080,2)
(24886570,2)
(44564251,2)
(65523495,2)
(19277862,2)
(34143648,2)
(65315380,2)
(20012844,2)
(29583083,2)
(14565509,2)
(2352471,2)
(34538415,2)
(25901665,2)
(66585103,2)
(48769865,2)
(17706505,2)
(19956417,2)
(25559768,2)
(14291140,2)
(15427684,2)
(34078759,2)
(15905877,2)
(26291883,2)
(19548880,2)
(36157315,2)
(14621420,2)
(25058735,2)
(23670349,2)
(68519166,2)
(14397843,2)
(48050579,2)
(46032191,2)
(58100491,2)
(46490504,2)
(18655891,2)
(29322975,2)
(26020351,2)
(14365368,2)
(15654064,2)
(23779144,2)
(14946484,2)
(12477262,2)
(21399847,2)
(9930252,2)
(20477136,2)
(15487374,2)
(28235772,2)
(24908776,2)
(18032277,2)
(56911903,2)
(25610869,2)
(14159290,2)
(17533558,2)
(8232602,2)
(65201417,2)
(21936217,2)
(18931655,2)
(24825539,2)
(15267020,2)
(42041129,2)
(753393,2)
(33606848,2)
(24190554,2)
(8161502,2)
(20759253,2)
(14230392,2)
(23007022,2)
(18040054,2)
(16703774,2)
(52136489,2)
(70846214,2)
(32274062,2)
(15085910,2)
(51159823,2)
(20118392,2)
(60752214,2)
(69089350,2)
(60261036,2)
(15487673,2)
(33156438,2)
(33420105,2)
(26050780,2)
(27601273,2)
(43783990,2)
(26125262,2)
(26283566,2)
(65220120,2)
(11739122,2)
(23847249,2)
(16406939,2)
(22118592,2)
(26810490,2)
(14023832,2)
(58883,2)
(14285160,2)
(17856874,2)
(25826806,2)
(22657153,2)
(22217208,2)
(35865024,2)
(26147434,2)
(23433679,2)
(20811116,2)
(14155663,1)
(61784538,1)
(47865949,1)
(14865284,1)
(37020885,1)
(23535448,1)
(15033012,1)
(43757624,1)
(29197853,1)
(21811971,1)
(21148293,1)
(15655022,1)
(18347663,1)
(22299703,1)
(24991480,1)
(19354810,1)
(63228289,1)
(30487545,1)
(71454467,1)
(28074588,1)
(53459568,1)
(14703945,1)
(56446839,1)
(34188726,1)
(70523359,1)
(23248754,1)
(35275340,1)
(55078979,1)
(27839651,1)
(52403407,1)
(18443731,1)
(15198802,1)
(20168653,1)
(14328000,1)
(29527296,1)
(55142529,1)
(42667875,1)
(60716862,1)
(21384635,1)
(25405110,1)
(71895597,1)
(44264217,1)
(31298246,1)
(30576467,1)
(66502652,1)
(21165346,1)
(40412496,1)
(29447759,1)
(24932163,1)
(73986539,1)
(24040334,1)
(46239874,1)
(39165639,1)
(23239521,1)
(21813730,1)
(12707442,1)
(64790822,1)
(41763832,1)
(25763539,1)
(33153270,1)
(14437647,1)
(51162638,1)
(18854611,1)
(48773664,1)
(16199084,1)
(17381843,1)
(37872900,1)
(24505680,1)
(19298686,1)
(68213418,1)
(18597959,1)
(15856668,1)
(43768021,1)
(21676187,1)
(58275683,1)
(26281395,1)
(13487522,1)
(20883925,1)
(27815362,1)
(21367914,1)
(18111960,1)
(41162980,1)
(44945900,1)
(23047774,1)
(63366851,1)
(46718051,1)
(23627727,1)
(15475561,1)
(39829710,1)
(35839443,1)
(22467679,1)
(75609625,1)
(25739743,1)
(27799783,1)
(46957344,1)
(18617098,1)
(24924400,1)
(21923482,1)
(16119668,1)
(23532898,1)
(14766800,1)
(41530083,1)
(38955643,1)
(63509396,1)
(65387913,1)
(14295156,1)
(24063285,1)
(20408774,1)
(18932071,1)
(18415067,1)
(21163052,1)
(68792362,1)
(53741624,1)
(27956132,1)
(39593888,1)
(15591225,1)
(15752465,1)
(23744596,1)
(18623946,1)
(24007566,1)
(37801407,1)
(19057685,1)
(40514096,1)
(17730663,1)
(36559651,1)
(30273165,1)
(18280445,1)
(18734883,1)
(43937306,1)
(32826053,1)
(26816532,1)
(34786455,1)
(35620315,1)
(19870595,1)
(58338750,1)
(19715003,1)
(34120890,1)
(54675370,1)
(49324279,1)
(43174323,1)
(42190214,1)
(27391872,1)
(16244375,1)
(40643761,1)
(40831216,1)
(66428918,1)
(37034088,1)
(52988049,1)
(21177105,1)
(33787115,1)
(65504586,1)
(24122013,1)
(14966677,1)
(11610542,1)
(48416302,1)
(43798797,1)
(64560279,1)
(69124747,1)
(45640798,1)
(51138909,1)
(72609567,1)
(16024254,1)
(21354778,1)
(33721469,1)
(25342529,1)
(24253070,1)
(17544205,1)
(15523290,1)
(8068672,1)
(41994999,1)
(34329049,1)
(23287579,1)
(15650437,1)
(7119222,1)
(7173902,1)
(52939106,1)
(31227624,1)
(16871012,1)
(19740070,1)
(25237939,1)
(14118281,1)
(35769867,1)
(12915642,1)
(8537352,1)
(21708899,1)
(28695327,1)
(73713505,1)
(32107066,1)
(43433607,1)
(40586273,1)
(32584422,1)
(22558759,1)
(45499876,1)
(26101920,1)
(22780716,1)
(36207956,1)
(58537989,1)
(25884566,1)
(25976676,1)
(58869340,1)
(30803492,1)
(20445981,1)
(20892381,1)
(42775291,1)
(21505705,1)
(29170986,1)
(74004948,1)
(16879321,1)
(62359969,1)
(19697415,1)
(38244830,1)
(15996661,1)
(49982963,1)
(42030097,1)
(42660323,1)
(36330234,1)
(28914728,1)
(62554259,1)
(19537380,1)
(24856382,1)
(68240362,1)
(33665662,1)
(18640630,1)
(20176511,1)
(39533325,1)
(23000287,1)
(21284571,1)
(44189965,1)
(75814878,1)
(15032402,1)
(34343806,1)
(55301965,1)
(16850235,1)
(19898934,1)
(14769826,1)
(64118928,1)
(19822897,1)
(15831223,1)
(41165497,1)
(44296226,1)
(74565856,1)
(760345,1)
(15993258,1)
(23565023,1)
(30684004,1)
(14172048,1)
(60744404,1)
(19479824,1)
(15579476,1)
(15349852,1)
(25427438,1)
(23155789,1)
(26902474,1)
(18474246,1)
(15615931,1)
(22215181,1)
(47773587,1)
(24634817,1)
(14663706,1)
(17956985,1)
(28604178,1)
(22190315,1)
(28202403,1)
(32768097,1)
(51588322,1)
(19316790,1)
(23399646,1)
(44322113,1)
(14252505,1)
(21902401,1)
